Group Account Number|Outlet subAccountNumber|House Number
182152900001|129066100004|
182152900001|100459900004|
182152900001|104346800004|
182152900001|103293600004|
182152900001|134902100004|
182152900001|139873900004|
182152900001|101953500004|
182152900001|100017600051|
182152900001|103896700004|
182152900001|138047500004|
182152900001|180298800004|
182152900001|142066300004|
182152900001|104361500004|
182152900001|101706300004|
182152900001|127081900004|
182152900001|140737000004|
182152900001|100017800016|
182152900001|102318900004|
182152900001|139642600004|
182152900001|139376000004|
182152900001|139230400004|
182152900001|102217600004|
182152900001|102373900004|
182152900001|142125800004|
182152900001|106633200004|
182152900001|100548200004|
182152900001|134260200004|
182152900001|100988600004|
182152900001|142727200004|
182152900001|122490300004|
182152900001|120222200004|
182152900001|119064300004|
182152900001|103383300004|
182152900001|117038000004|
182152900001|117448100004|
182152900001|142705900004|
182152900001|126798400004|
182152900001|141648900004|
182152900001|142709400004|
182152900001|105237600004|
182152900001|100562900004|
182152900001|117456000004|
182152900001|134949500004|
182152900001|136454700004|
182152900001|100622500004|
182152900001|110919600004|
182152900001|100377600004|
182152900001|125215300004|
182152900001|103225800004|
182152900001|101925500004|
182152900001|100013300033|
182152900001|142607500004|
182152900001|103344700004|
182152900001|127913900004|
182152900001|103425000004|
182152900001|101816200004|
182152900001|124553200004|
182152900001|181526600004|
182152900001|103714700004|
182152900001|117231300004|
182152900001|100032400598|
182152900001|141509600004|
182152900001|126052800004|
182152900001|103499000004|
182152900001|100036700018|
182152900001|135234900004|
182152900001|100932600004|
182152900001|141937600004|
182152900001|103417700004|
182152900001|142681000004|
182152900001|106120500004|
182152900001|128870700004|
182152900001|100026000008|
182152900001|184075000004|
182152900001|103944500004|
182152900001|115179900004|
182152900001|140911900004|
182152900001|103523400004|
182152900001|182805400004|
182152900001|183652800004|
182152900001|181250900004|
182152900001|128026900004|
182152900001|140772000004|
182152900001|104581000004|
182152900001|103209100004|
182152900001|102630200004|
182152900001|100154200004|
182152900001|100026000020|
182152900001|139540900004|
182152900001|136814200004|
182152900001|180921300004|
182152900001|102407800004|
182152900001|134542300004|
182152900001|132024700004|
182152900001|100272600004|
182152900001|103654100004|
182152900001|114993000004|
182152900001|102089600004|
182152900001|183879000004|
182152900001|184947200004|
182152900001|100335800004|
182152900001|126515200004|
182152900001|104649400004|
182152900001|102118300004|
182152900001|105530100004|
182152900001|101136600004|
182152900001|140643000004|
182152900001|123199400004|
182152900001|139627200004|
182152900001|103395500004|
182152900001|129925000004|
182152900001|100026000024|
182152900001|119246000004|
182152900001|100018600289|
182152900001|104375200004|
182152900001|125148800004|
182152900001|138047600004|
182152900001|126798100004|
182152900001|138317800004|
182152900001|142641200004|
182152900001|185199300004|
182152900001|141479600004|
182152900001|105334300004|
182152900001|141085100004|
182152900001|142638100004|
182152900001|122583900004|
182152900001|116382100004|
182152900001|109501200004|
182152900001|139540500004|
182152900001|122580400004|
182152900001|141759200004|
182152900001|100032400599|
182152900001|124515100004|
182152900001|100032400072|
182152900001|102018500004|
182152900001|106500600004|
182152900001|110522300004|
182152900001|103984900004|
182152900001|138892900004|
182152900001|134540000004|
182152900001|137160500004|
182152900001|118794600004|
182152900001|127636100004|
182152900001|101720300004|
182152900001|109657400004|
182152900001|102760300004|
182152900001|183732600004|
182152900001|131824700004|
182152900001|134590100004|
182152900001|102141700004|
182152900001|105415400004|
182152900001|120525000004|
182152900001|110580400004|
182152900001|110532400004|
182152900001|126101700004|
182152900001|141271500004|
182152900001|102160200004|
182152900001|100032400549|
182152900001|102034100004|
182152900001|137872500004|
182152900001|120386600004|
182152900001|110061800004|
182152900001|106177600004|
182152900001|112848700004|
182152900001|180006800004|
182152900001|142651500004|
182152900001|100314300004|
182152900001|128234900004|
182152900001|100056200035|
182152900001|139797500004|
182152900001|100509400004|
182152900001|123587400004|
182152900001|139221100004|
182152900001|100959200004|
182152900001|105212300004|
182152900001|100578900004|
182152900001|104732400004|
182152900001|103288600004|
182152900001|105373600004|
182152900001|100058600011|
182152900001|119246100004|
182152900001|131678800004|
182152900001|120268200004|
182152900001|119151200004|
182152900001|134321800004|
182152900001|132429400004|
182152900001|118154500004|
182152900001|126542400004|
182152900001|100058600023|
182152900001|139162000004|
182152900001|105822600004|
182152900001|134361500004|
182152900001|119808300004|
182152900001|182731800004|
182152900001|137282800004|
182152900001|142471500004|
182152900001|134244000004|
182152900001|102933200004|
182152900001|100284500004|
182152900001|104730300004|
182152900001|139739300004|
182152900001|100022400146|
182152900001|137150500004|
182152900001|117705800004|
182152900001|115627200004|
182152900001|100017600045|
182152900001|127666500004|
182152900001|106755800004|
182152900001|134817500004|
182152900001|102120900004|
182152900001|183657500004|
182152900001|102717400004|
182152900001|139846100004|
182152900001|105754900004|
182152900001|125786000004|
182152900001|115930300004|
182152900001|123219800004|
182152900001|127956700004|
182152900001|132766100004|
182152900001|100053400024|
182152900001|140114200004|
182152900001|101742400004|
182152900001|101792200004|
182152900001|184013300004|
182152900001|133226900004|
182152900001|101492600004|
182152900001|134752100004|
182152900001|103850500004|
182152900001|101043800004|
182152900001|136477000004|
182152900001|103466600004|
182152900001|141934300004|
182152900001|180490300004|
182152900001|107637500004|
182152900001|109435500004|
182152900001|108915300004|
182152900001|100014300013|
182152900001|141344100004|
182152900001|106191300004|
182152900001|100483200004|
182152900001|100984500004|
182152900001|100032400032|
182152900001|135432100004|
182152900001|105704400004|
182152900001|101217800004|
182152900001|102442100004|
182152900001|118938400004|
182152900001|182753000004|
182152900001|132005900004|
182152900001|139553600004|
182152900001|128621400004|
182152900001|100134100004|
182152900001|111166100004|
182152900001|101779200004|
182152900001|100022400049|
182152900001|100060800026|
182152900001|128879900004|
182152900001|112096700004|
182152900001|106855400004|
182152900001|140176700004|
182152900001|102148300004|
182152900001|119739400004|
182152900001|101841400004|
182152900001|112567100004|
182152900001|106449200004|
182152900001|105486500004|
182152900001|132956700004|
182152900001|100122200004|
182152900001|136787800004|
182152900001|100041100027|
182152900001|142711700004|
182152900001|104566600004|
182152900001|118184400004|
182152900001|105015800004|
182152900001|103187600004|
182152900001|105005200004|
182152900001|134402400004|
182152900001|142635800004|
182152900001|141593300004|
182152900001|106784700004|
182152900001|104779600004|
182152900001|101664300004|
182152900001|102850000004|
182152900001|114014300004|
182152900001|100014300038|
182152900001|113904500004|
182152900001|102916900004|
182152900001|130491000004|
182152900001|113179100004|
182152900001|100302600004|
182152900001|103522200004|
182152900001|103514800004|
182152900001|134960800004|
182152900001|183801000004|
182152900001|100032400465|
182152900001|103150800004|
182152900001|104917900004|
182152900001|104177600004|
182152900001|100158000004|
182152900001|131741600004|
182152900001|103895000004|
182152900001|182525300004|
182152900001|141314000004|
182152900001|110000100004|
182152900001|101860800004|
182152900001|105226600004|
182152900001|181460600004|
182152900001|102975400004|
182152900001|104193100004|
182152900001|124916100004|
182152900001|100350500004|
182152900001|102457000004|
182152900001|181269300004|
182152900001|127253600004|
182152900001|109103700004|
182152900001|123846500004|
182152900001|142591100004|
182152900001|135328800004|
182152900001|117780500004|
182152900001|136474400004|
182152900001|137130700004|
182152900001|104820400004|
182152900001|130471200004|
182152900001|130786000004|
182152900001|135146900004|
182152900001|101645300004|
182152900001|131681500004|
182152900001|130952500004|
182152900001|103616400004|
182152900001|101104800004|
182152900001|101708300004|
182152900001|136530600004|
182152900001|104556100004|
182152900001|183889300004|
182152900001|105212500004|
182152900001|141418700004|
182152900001|111008600004|
182152900001|103223200004|
182152900001|140763100004|
182152900001|142217000004|
182152900001|103040000004|
182152900001|135588000004|
182152900001|120244900004|
182152900001|139608200004|
182152900001|101061100004|
182152900001|130842500004|
182152900001|128446600004|
182152900001|100325800004|
182152900001|137417900004|
182152900001|102043200004|
182152900001|180070300004|
182152900001|116991300004|
182152900001|140544500004|
182152900001|102185500004|
182152900001|114991600004|
182152900001|101246800004|
182152900001|113862500004|
182152900001|180083200004|
182152900001|134678800004|
182152900001|121815900004|
182152900001|107571100004|
182152900001|100855900004|
182152900001|133442900004|
182152900001|141681300004|
182152900001|185078100004|
182152900001|115904000004|
182152900001|119225400004|
182152900001|116870800004|
182152900001|135021300004|
182152900001|103953300004|
182152900001|104437600004|
182152900001|135075400004|
182152900001|137672900004|
182152900001|138887400004|
182152900001|105537900004|
182152900001|126643100004|
182152900001|135269700004|
182152900001|112478800004|
182152900001|115868500004|
182152900001|118060400004|
182152900001|102980600004|
182152900001|142386100004|
182152900001|102604000004|
182152900001|102915900004|
182152900001|137492100004|
182152900001|136849000004|
182152900001|105310700004|
182152900001|139605500004|
182152900001|111255300004|
182152900001|129379000004|
182152900001|141135900004|
182152900001|135276000004|
182152900001|102301700004|
182152900001|100585400004|
182152900001|100041100014|
182152900001|142066600004|
182152900001|121539000004|
182152900001|100282700004|
182152900001|123782000004|
182152900001|110223600004|
182152900001|100362300004|
182152900001|116435500004|
182152900001|132689600004|
182152900001|123566000004|
182152900001|105149800004|
182152900001|141856500004|
182152900001|134388500004|
182152900001|135974100004|
182152900001|137071500004|
182152900001|100049200006|
182152900001|182055000004|
182152900001|120339900004|
182152900001|140223200004|
182152900001|100414400004|
182152900001|141587700004|
182152900001|110609200004|
182152900001|139373700004|
182152900001|103364200004|
182152900001|110679100004|
182152900001|102464100004|
182152900001|136198300004|
182152900001|120586800004|
182152900001|106824500004|
182152900001|141298400004|
182152900001|103561400004|
182152900001|101900500004|
182152900001|135939400004|
182152900001|125492300004|
182152900001|103729200004|
182152900001|139914800004|
182152900001|137144500004|
182152900001|126712100004|
182152900001|182665700004|
182152900001|115856100004|
182152900001|135532300004|
182152900001|135085700004|
182152900001|116105600004|
182152900001|110770600004|
182152900001|103817000004|
182152900001|100032400394|
182152900001|104110400004|
182152900001|135063300004|
182152900001|134578000004|
182152900001|142685200004|
182152900001|141386700004|
182152900001|112594000004|
182152900001|142122500004|
182152900001|125225600004|
182152900001|106248700004|
182152900001|134840900004|
182152900001|102259800004|
182152900001|101635700004|
182152900001|110224400004|
182152900001|100503200004|
182152900001|125517200004|
182152900001|142684900004|
182152900001|136663800004|
182152900001|119393900004|
182152900001|139525900004|
182152900001|142604700004|
182152900001|182460400004|
182152900001|123038500004|
182152900001|140321900004|
182152900001|130600000004|
182152900001|181977300004|
182152900001|135193900004|
182152900001|104018900004|
182152900001|182198000004|
182152900001|183664400004|
182152900001|102142400004|
182152900001|105830100004|
182152900001|119699800004|
182152900001|101971000004|
182152900001|102832000004|
182152900001|180572500004|
182152900001|134932000004|
182152900001|100032400292|
182152900001|180329800004|
182152900001|180206400004|
182152900001|129192000004|
182152900001|100032400042|
182152900001|134117800004|
182152900001|183671700004|
182152900001|119901000004|
182152900001|142016100004|
182152900001|135461000004|
182152900001|107764000004|
182152900001|115792900004|
182152900001|123434100004|
182152900001|109940400004|
182152900001|105156700004|
182152900001|107069800004|
182152900001|102631600004|
182152900001|103993000004|
182152900001|114616200004|
182152900001|123468200004|
182152900001|140836200004|
182152900001|135278800004|
182152900001|111801900004|
182152900001|139252500004|
182152900001|139252600004|
182152900001|131429500004|
182152900001|122876300004|
182152900001|107416300004|
182152900001|105211800004|
182152900001|118660900004|
182152900001|117604400004|
182152900001|140249100004|
182152900001|104706100004|
182152900001|110608800004|
182152900001|182543400004|
182152900001|101167300004|
182152900001|115055300004|
182152900001|182829300004|
182152900001|182977200004|
182152900001|134633100004|
182152900001|136917400004|
182152900001|105050900004|
182152900001|102386700004|
182152900001|103649900004|
182152900001|105416400004|
182152900001|131615400004|
182152900001|139707700004|
182152900001|139908100004|
182152900001|116265900004|
182152900001|102363800004|
182152900001|127460600004|
182152900001|114661800004|
182152900001|111872000004|
182152900001|112029200004|
182152900001|139326500004|
182152900001|136570100004|
182152900001|142640300004|
182152900001|105219800004|
182152900001|116850200004|
182152900001|142667200004|
182152900001|104007300004|
182152900001|182800500022|
182152900001|104635000004|
182152900001|118971200004|
182152900001|100450500004|
182152900001|104840900004|
182152900001|182678900004|
182152900001|139924600004|
182152900001|110582400004|
182152900001|100020700032|
182152900001|105143800004|
182152900001|142437100004|
182152900001|131466000004|
182152900001|135105100004|
182152900001|117431100004|
182152900001|141109300004|
182152900001|139448400004|
182152900001|182578900004|
182152900001|101657300004|
182152900001|103528800004|
182152900001|182430700004|
182152900001|141669100004|
182152900001|115707700004|
182152900001|182800500023|
182152900001|134693800004|
182152900001|105170700004|
182152900001|116955800004|
182152900001|100041100033|
182152900001|100155800004|
182152900001|130692300004|
182152900001|102735400004|
182152900001|139486200004|
182152900001|136954200004|
182152900001|109226300004|
182152900001|112139800004|
182152900001|127898700004|
182152900001|101924300004|
182152900001|101272600004|
182152900001|103995500004|
182152900001|130607200004|
182152900001|120326400004|
182152900001|102934800004|
182152900001|129146100004|
182152900001|102365200004|
182152900001|136249800004|
182152900001|134201100004|
182152900001|103765200004|
182152900001|103507000004|
182152900001|183049300004|
182152900001|105636000004|
182152900001|100032400518|
182152900001|141815600004|
182152900001|183003300004|
182152900001|132475500004|
182152900001|102143000004|
182152900001|118041100004|
182152900001|111874700004|
182152900001|112029600004|
182152900001|106299500004|
182152900001|102441300004|
182152900001|137884100004|
182152900001|101015600004|
182152900001|110641500004|
182152900001|112922500004|
182152900001|142686000004|
182152900001|109504100004|
182152900001|109134100004|
182152900001|140823800004|
182152900001|101694200004|
182152900001|105914700004|
182152900001|100355800004|
182152900001|142662300004|
182152900001|100041100039|
182152900001|141782800004|
182152900001|140657400004|
182152900001|100060800011|
182152900001|101668900004|
182152900001|183868200004|
182152900001|101670000004|
182152900001|100032400506|
182152900001|182129300004|
182152900001|102757800004|
182152900001|141828400004|
182152900001|105157000004|
182152900001|100370500004|
182152900001|104203400004|
182152900001|102964800004|
182152900001|100024600008|
182152900001|105068800004|
182152900001|100025800012|
182152900001|138674300004|
182152900001|180179200004|
182152900001|104346000004|
182152900001|100032400224|
182152900001|100753200004|
182152900001|139452700004|
182152900001|105133900004|
182152900001|135861700004|
182152900001|139393400004|
182152900001|102379200004|
182152900001|100032400080|
182152900001|127797100004|
182152900001|132796500004|
182152900001|100964400004|
182152900001|118766900004|
182152900001|104616100004|
182152900001|141665500004|
182152900001|115098800004|
182152900001|100455000004|
182152900001|102314500004|
182152900001|126644100004|
182152900001|104099000004|
182152900001|105123000004|
182152900001|101678800004|
182152900001|102989100004|
182152900001|104213100004|
182152900001|100017100012|
182152900001|142444700004|
182152900001|100041100040|
182152900001|139784600004|
182152900001|117669300004|
182152900001|135725500004|
182152900001|135605300004|
182152900001|135679500004|
182152900001|102690700004|
182152900001|121780000004|
182152900001|129404200004|
182152900001|141324600004|
182152900001|139188000004|
182152900001|100032400094|
182152900001|124942100004|
182152900001|115987000004|
182152900001|137711300004|
182152900001|129520200004|
182152900001|102647200004|
182152900001|100507100004|
182152900001|142271400004|
182152900001|118342800004|
182152900001|105646500004|
182152900001|183172900004|
182152900001|112007900004|
182152900001|132586500004|
182152900001|135637600004|
182152900001|104831000004|
182152900001|180582200004|
182152900001|124547100004|
182152900001|105403200004|
182152900001|130953400004|
182152900001|104050000004|
182152900001|135368400004|
182152900001|105390500004|
182152900001|112030300004|
182152900001|103976000004|
182152900001|122515100004|
182152900001|125521700004|
182152900001|122515800004|
182152900001|137727900004|
182152900001|135787000004|
182152900001|105435100004|
182152900001|132529200004|
182152900001|117978800004|
182152900001|141409400004|
182152900001|133683800004|
182152900001|182864500004|
182152900001|116207000004|
182152900001|110520400004|
182152900001|108855800004|
182152900001|106143000004|
182152900001|130097900004|
182152900001|180047100004|
182152900001|116232300004|
182152900001|142712000004|
182152900001|104066300004|
182152900001|135716500004|
182152900001|119031200004|
182152900001|140004700004|
182152900001|108679700004|
182152900001|100019300045|
182152900001|139487700004|
182152900001|132054700004|
182152900001|129615100004|
182152900001|100032400642|
182152900001|102493500004|
182152900001|100268200004|
182152900001|128035700004|
182152900001|135328000004|
182152900001|132511500004|
182152900001|103602000004|
182152900001|112556400004|
182152900001|102615800004|
182152900001|135827100004|
182152900001|107387800004|
182152900001|103014700004|
182152900001|102092000004|
182152900001|100068500004|
182152900001|134844800004|
182152900001|142290500004|
182152900001|104570400004|
182152900001|180724700004|
182152900001|119219500004|
182152900001|107305100004|
182152900001|101245300004|
182152900001|111438800004|
182152900001|101643400004|
182152900001|183007100004|
182152900001|140520200004|
182152900001|135704200004|
182152900001|102595000004|
182152900001|101584800004|
182152900001|180179000004|
182152900001|104123300004|
182152900001|110835900004|
182152900001|106006300004|
182152900001|136668500004|
182152900001|107237700004|
182152900001|118238900004|
182152900001|106239300004|
182152900001|103579100004|
182152900001|102829300004|
182152900001|116210600004|
182152900001|100055100015|
182152900001|112136700004|
182152900001|181265000004|
182152900001|100049200020|
182152900001|105091400004|
182152900001|105318400004|
182152900001|136761500004|
182152900001|104332000004|
182152900001|111534800004|
182152900001|102317800004|
182152900001|140247700004|
182152900001|100386100004|
182152900001|101405900004|
182152900001|105586200004|
182152900001|141590100004|
182152900001|112368000004|
182152900001|100028900034|
182152900001|139167100004|
182152900001|105423800004|
182152900001|118943500004|
182152900001|134484100004|
182152900001|106718200004|
182152900001|139664600004|
182152900001|103344600004|
182152900001|103655700004|
182152900001|106492300004|
182152900001|101559600004|
182152900001|185276400004|
182152900001|101837200004|
182152900001|104968800004|
182152900001|100025800038|
182152900001|100053400010|
182152900001|182968700024|
182152900001|105999200004|
182152900001|142359700004|
182152900001|105120100004|
182152900001|108399500004|
182152900001|120637400004|
182152900001|102759500004|
182152900001|104881700004|
182152900001|100049200028|
182152900001|115409800004|
182152900001|137130400004|
182152900001|120175000004|
182152900001|104156800004|
182152900001|136350600004|
182152900001|101711800004|
182152900001|141756400004|
182152900001|139351500004|
182152900001|181855800004|
182152900001|142427400004|
182152900001|104247900004|
182152900001|139178500004|
182152900001|136517900004|
182152900001|183489700004|
182152900001|100025800034|
182152900001|139320700004|
182152900001|106626100004|
182152900001|100607100004|
182152900001|139573700004|
182152900001|135433400004|
182152900001|142702200004|
182152900001|136826900004|
182152900001|111912300004|
182152900001|106791000004|
182152900001|122961500004|
182152900001|104181700004|
182152900001|112444800004|
182152900001|104674000004|
182152900001|105331200004|
182152900001|100019300004|
182152900001|106078000004|
182152900001|105708500004|
182152900001|103392200004|
182152900001|104803200004|
182152900001|141567200004|
182152900001|112272300004|
182152900001|139468100004|
182152900001|142715400004|
182152900001|110365900004|
182152900001|102161900004|
182152900001|140986400004|
182152900001|100196200004|
182152900001|134273700004|
182152900001|135070800004|
182152900001|122543700004|
182152900001|119016800004|
182152900001|100022400088|
182152900001|102030800004|
182152900001|134080400004|
182152900001|142681400004|
182152900001|100041100009|
182152900001|104642500004|
182152900001|104837300004|
182152900001|135760900004|
182152900001|182809300004|
182152900001|116099700004|
182152900001|105724400004|
182152900001|142446600004|
182152900001|117786600004|
182152900001|137245500004|
182152900001|100019300039|
182152900001|122848800004|
182152900001|130115300004|
182152900001|141858400004|
182152900001|100056200010|
182152900001|105108400004|
182152900001|100056200041|
182152900001|180583400004|
182152900001|107079900004|
182152900001|100467600004|
182152900001|100085800004|
182152900001|114971100004|
182152900001|104650500004|
182152900001|105974800004|
182152900001|103283700004|
182152900001|134938000004|
182152900001|111417000004|
182152900001|100494000004|
182152900001|104036900004|
182152900001|135120800004|
182152900001|102612200004|
182152900001|134733100004|
182152900001|102915400004|
182152900001|131123100004|
182152900001|105361400004|
182152900001|104590100004|
182152900001|117699500004|
182152900001|105396700004|
182152900001|104290800004|
182152900001|141946500004|
182152900001|110165500004|
182152900001|125453800004|
182152900001|140559100004|
182152900001|105368900004|
182152900001|100610200004|
182152900001|101978900004|
182152900001|142127600004|
182152900001|123098800004|
182152900001|101187800004|
182152900001|104528000004|
182152900001|136637000004|
182152900001|141087800004|
182152900001|102769800004|
182152900001|120325100004|
182152900001|100573500004|
182152900001|105185700004|
182152900001|124369000004|
182152900001|123835100004|
182152900001|100930800004|
182152900001|111283700004|
182152900001|142536600004|
182152900001|135652400004|
182152900001|131134300004|
182152900001|142218300004|
182152900001|140101100004|
182152900001|103653700004|
182152900001|100266600004|
182152900001|131816200004|
182152900001|100354100004|
182152900001|139269900004|
182152900001|110964300004|
182152900001|141250100004|
182152900001|101365000004|
182152900001|104098600004|
182152900001|180480700004|
182152900001|100025800027|
182152900001|100521800004|
182152900001|142172000004|
182152900001|142635600004|
182152900001|181130700004|
182152900001|142718400004|
182152900001|111156300004|
182152900001|104917500004|
182152900001|135630200004|
182152900001|101344200004|
182152900001|102974400004|
182152900001|100765100004|
182152900001|100045800007|
182152900001|103914800004|
182152900001|112847900004|
182152900001|106398900004|
182152900001|104062100004|
182152900001|139636900004|
182152900001|134369200004|
182152900001|101814100004|
182152900001|140407900004|
182152900001|102935900004|
182152900001|100036700012|
182152900001|100019300032|
182152900001|134342000004|
182152900001|134120200004|
182152900001|136483500004|
182152900001|111022900004|
182152900001|131697300004|
182152900001|127892400004|
182152900001|103012100004|
182152900001|182757500004|
182152900001|107554900004|
182152900001|136100800004|
182152900001|114375600004|
182152900001|105322300004|
182152900001|126734000004|
182152900001|141382500004|
182152900001|104748000004|
182152900001|100038600025|
182152900001|116058500004|
182152900001|138039800004|
182152900001|103891400004|
182152900001|125811300004|
182152900001|134197200004|
182152900001|100710600004|
182152900001|104832000004|
182152900001|106436700004|
182152900001|106433300004|
182152900001|183152500004|
182152900001|131420300004|
182152900001|100019300026|
182152900001|141911000004|
182152900001|133260800004|
182152900001|101527200004|
182152900001|104579700004|
182152900001|103599600004|
182152900001|110567200004|
182152900001|104655700004|
182152900001|100750900004|
182152900001|113765400004|
182152900001|107249200004|
182152900001|116044200004|
182152900001|139609500004|
182152900001|183559500006|
182152900001|105997800004|
182152900001|139144900004|
182152900001|111776100004|
182152900001|142200100004|
182152900001|106892700004|
182152900001|140724500004|
182152900001|105095600004|
182152900001|139728500004|
182152900001|136720000004|
182152900001|110797900004|
182152900001|105586900004|
182152900001|141763900004|
182152900001|100649100004|
182152900001|139498500004|
182152900001|134842800004|
182152900001|135477400004|
182152900001|126726500004|
182152900001|141955100004|
182152900001|142222400004|
182152900001|141259200004|
182152900001|130506000004|
182152900001|109756300004|
182152900001|104068200004|
182152900001|100776700004|
182152900001|110660000004|
182152900001|105912100004|
182152900001|116353800004|
182152900001|102642900004|
182152900001|136000300004|
182152900001|120592500004|
182152900001|119141300004|
182152900001|183740100004|
182152900001|110707800004|
182152900001|102619200004|
182152900001|108985200004|
182152900001|136550000004|
182152900001|100972800004|
182152900001|101939000004|
182152900001|135635500004|
182152900001|102928700004|
182152900001|183549800004|
182152900001|102984700004|
182152900001|102118100004|
182152900001|102639300004|
182152900001|100028900010|
182152900001|134992200004|
182152900001|102652700004|
182152900001|132259100004|
182152900001|141431800004|
182152900001|139861200004|
182152900001|137311700004|
182152900001|135697200004|
182152900001|141140000004|
182152900001|100307200004|
182152900001|111357600004|
182152900001|100252500004|
182152900001|120446800004|
182152900001|113786700004|
182152900001|101561600004|
182152900001|183716900004|
182152900001|105100300004|
182152900001|120412100004|
182152900001|102748600004|
182152900001|100490400004|
182152900001|101918600004|
182152900001|105398700004|
182152900001|112139300004|
182152900001|134344200004|
182152900001|126893700004|
182152900001|120369100004|
182152900001|135731700004|
182152900001|103731800004|
182152900001|115300800004|
182152900001|138730800004|
182152900001|117537700004|
182152900001|113856100004|
182152900001|112823000004|
182152900001|141923200004|
182152900001|132056700004|
182152900001|142697200004|
182152900001|135516900004|
182152900001|105315200004|
182152900001|103882200004|
182152900001|104517200004|
182152900001|108832600004|
182152900001|118179700004|
182152900001|105186300004|
182152900001|103499100004|
182152900001|102922000004|
182152900001|100049200011|
182152900001|105168500004|
182152900001|137931300004|
182152900001|105719200004|
182152900001|134743600004|
182152900001|183631100004|
182152900001|134377200004|
182152900001|104698000004|
182152900001|101994000004|
182152900001|103292500004|
182152900001|100031800012|
182152900001|100645900004|
182152900001|134088300004|
182152900001|102202500004|
182152900001|107371300004|
182152900001|134314900004|
182152900001|134984500004|
182152900001|134246300004|
182152900001|100032400617|
182152900001|111476000004|
182152900001|102184400004|
182152900001|141383700004|
182152900001|183873900004|
182152900001|107003000004|
182152900001|182694100004|
182152900001|180437300004|
182152900001|127557400004|
182152900001|123499700004|
182152900001|142324500004|
182152900001|102605800004|
182152900001|132774500004|
182152900001|107575100004|
182152900001|142272400004|
182152900001|141463900004|
182152900001|101811300004|
182152900001|101351800004|
182152900001|139726800004|
182152900001|105795600004|
182152900001|133376100004|
182152900001|117507400004|
182152900001|142641000004|
182152900001|140611700004|
182152900001|117131100004|
182152900001|133024100004|
182152900001|100049200015|
182152900001|183981300004|
182152900001|101726800004|
182152900001|119992300004|
182152900001|111111900004|
182152900001|139787000004|
182152900001|100111500004|
182152900001|101655800004|
182152900001|125827300004|
182152900001|102626200004|
182152900001|102337300004|
182152900001|134866200004|
182152900001|135219000004|
182152900001|183995200004|
182152900001|141382400004|
182152900001|102452200004|
182152900001|121375500004|
182152900001|126003900004|
182152900001|142373700004|
182152900001|132169100004|
182152900001|100493000004|
182152900001|112069800004|
182152900001|132507900004|
182152900001|103979000004|
182152900001|103945100004|
182152900001|101227200004|
182152900001|141488900004|
182152900001|109547900004|
182152900001|111031900004|
182152900001|142278000004|
182152900001|100170300004|
182152900001|130389000004|
182152900001|127743400004|
182152900001|139321200004|
182152900001|103561200004|
182152900001|101060500004|
182152900001|105968700004|
182152900001|100871600004|
182152900001|124934700004|
182152900001|122677600004|
182152900001|115725400004|
182152900001|105190700004|
182152900001|138792700004|
182152900001|125365800004|
182152900001|131997500004|
182152900001|126971500004|
182152900001|103265300004|
182152900001|100805300004|
182152900001|117556100004|
182152900001|101548100004|
182152900001|105609000004|
182152900001|182490400004|
182152900001|126725600004|
182152900001|100736100004|
182152900001|100449700004|
182152900001|105609700004|
182152900001|101590100004|
182152900001|107665700004|
182152900001|137873500004|
182152900001|136455800004|
182152900001|112526600004|
182152900001|128400300004|
182152900001|106536900004|
182152900001|104675800004|
182152900001|122788900004|
182152900001|102910200004|
182152900001|104570200004|
182152900001|129932800004|
182152900001|142644300004|
182152900001|100602900004|
182152900001|141883800004|
182152900001|142076200004|
182152900001|104782300004|
182152900001|102314200004|
182152900001|103805400004|
182152900001|142650300004|
182152900001|133747500004|
182152900001|132380000004|
182152900001|105008000004|
182152900001|118457000004|
182152900001|101797100004|
182152900001|101726600004|
182152900001|102620000004|
182152900001|140959900004|
182152900001|135310300004|
182152900001|134503000004|
182152900001|140087800004|
182152900001|125983100004|
182152900001|140872200004|
182152900001|182851900004|
182152900001|134362100004|
182152900001|100486600004|
182152900001|103244800004|
182152900001|136975200004|
182152900001|133345200004|
182152900001|135276900004|
182152900001|127328000004|
182152900001|114935100004|
182152900001|105764500004|
182152900001|136540600004|
182152900001|119232800004|
182152900001|133586300004|
182152900001|137410300004|
182152900001|129913700004|
182152900001|140256000004|
182152900001|126581500004|
182152900001|102710500004|
182152900001|108716000004|
182152900001|103578700004|
182152900001|134225100004|
182152900001|142062400004|
182152900001|137408100004|
182152900001|102313600004|
182152900001|134759300004|
182152900001|100056200058|
182152900001|124727500004|
182152900001|140195000004|
182152900001|139615900004|
182152900001|119276700004|
182152900001|104795500004|
182152900001|125524800004|
182152900001|104814200004|
182152900001|109130700004|
182152900001|105139000004|
182152900001|134840200004|
182152900001|139472500004|
182152900001|104771300004|
182152900001|111929100004|
182152900001|141863900004|
182152900001|112405200004|
182152900001|104800500004|
182152900001|182800500012|
182152900001|115915800004|
182152900001|126417400004|
182152900001|119710800004|
182152900001|128362400004|
182152900001|117337900004|
182152900001|180265300004|
182152900001|134176100004|
182152900001|103937400004|
182152900001|101129800004|
182152900001|101651600004|
182152900001|135741400004|
182152900001|102252300004|
182152900001|102793400004|
182152900001|180957400012|
182152900001|140017900004|
182152900001|183099600004|
182152900001|136131900004|
182152900001|104111300004|
182152900001|132114300004|
182152900001|111369600004|
182152900001|134541700004|
182152900001|105582500004|
182152900001|136756600004|
182152900001|122759300004|
182152900001|117189200004|
182152900001|181266500004|
182152900001|118991000004|
182152900001|142683100004|
182152900001|100960500004|
182152900001|135302100004|
182152900001|139255700004|
182152900001|135645700004|
182152900001|102088100004|
182152900001|102907800004|
182152900001|100022400028|
182152900001|104077000004|
182152900001|102757600004|
182152900001|100957200004|
182152900001|102101100004|
182152900001|105156800004|
182152900001|183915700004|
182152900001|140019600004|
182152900001|104255400004|
182152900001|136091100004|
182152900001|106649300004|
182152900001|134758900004|
182152900001|183190400004|
182152900001|135018600004|
182152900001|139433300004|
182152900001|106712700004|
182152900001|139985900004|
182152900001|135821800004|
182152900001|138509500004|
182152900001|183522200004|
182152900001|100764900004|
182152900001|142053800004|
182152900001|122327100004|
182152900001|103161800004|
182152900001|101256600004|
182152900001|104512800004|
182152900001|129000100004|
182152900001|182590800004|
182152900001|100032400589|
182152900001|142120800004|
182152900001|137369400004|
182152900001|142122200004|
182152900001|105550700004|
182152900001|136690100004|
182152900001|115260400004|
182152900001|140231400004|
182152900001|140040300004|
182152900001|100242900004|
182152900001|100021400021|
182152900001|100323000004|
182152900001|142224400004|
182152900001|113955000004|
182152900001|137687700004|
182152900001|100831900004|
182152900001|100901100004|
182152900001|100022400060|
182152900001|142559400004|
182152900001|183994500004|
182152900001|180530800004|
182152900001|117624200004|
182152900001|101634600004|
182152900001|117669700004|
182152900001|105140100004|
182152900001|180533100004|
182152900001|140133000004|
182152900001|100565400004|
182152900001|105752800004|
182152900001|101781800004|
182152900001|100032400390|
182152900001|182746600004|
182152900001|134915900004|
182152900001|101978300004|
182152900001|141331400004|
182152900001|116458400004|
182152900001|102848800004|
182152900001|105682800004|
182152900001|139559200004|
182152900001|135674600004|
182152900001|140283100004|
182152900001|140249700004|
182152900001|100056200051|
182152900001|182780500004|
182152900001|132026700004|
182152900001|140615700004|
182152900001|104777200004|
182152900001|104001000004|
182152900001|135481700004|
182152900001|100531300004|
182152900001|107260200004|
182152900001|119198800004|
182152900001|100032400687|
182152900001|101139800004|
182152900001|128982800004|
182152900001|180766500004|
182152900001|102402300004|
182152900001|138309500004|
182152900001|129612300004|
182152900001|100218900004|
182152900001|100044500090|
182152900001|102981300004|
182152900001|104393000004|
182152900001|182802600004|
182152900001|139653800004|
182152900001|117783900004|
182152900001|105527900004|
182152900001|127014600004|
182152900001|110366300004|
182152900001|135710600004|
182152900001|100019300017|
182152900001|180574900004|
182152900001|181899600004|
182152900001|136531600004|
182152900001|180589300004|
182152900001|137844100004|
182152900001|142125400004|
182152900001|104558900004|
182152900001|133788700004|
182152900001|100032400655|
182152900001|115081300004|
182152900001|103560000004|
182152900001|104591200004|
182152900001|139773300004|
182152900001|111039500004|
182152900001|136159400004|
182152900001|130015500004|
182152900001|182955500004|
182152900001|139823900004|
182152900001|106994900004|
182152900001|100049200044|
182152900001|103391200004|
182152900001|105176000004|
182152900001|100058600028|
182152900001|100032400393|
182152900001|124171000004|
182152900001|135819500004|
182152900001|100960200004|
182152900001|104834800004|
182152900001|135681100004|
182152900001|104340000004|
182152900001|132206700004|
182152900001|141904300004|
182152900001|100423300004|
182152900001|103271400004|
182152900001|185280300004|
182152900001|103591400004|
182152900001|137195000004|
182152900001|105032900004|
182152900001|135224100004|
182152900001|135656700004|
182152900001|140716900004|
182152900001|136641300004|
182152900001|183728700004|
182152900001|104565500004|
182152900001|118966400004|
182152900001|130532700004|
182152900001|129192300004|
182152900001|115911000004|
182152900001|100022400137|
182152900001|118860400004|
182152900001|139439500004|
182152900001|111643900004|
182152900001|102052100004|
182152900001|131982800004|
182152900001|135350400004|
182152900001|135441400004|
182152900001|105426700004|
182152900001|112158300004|
182152900001|182429400004|
182152900001|115998100004|
182152900001|105691400004|
182152900001|100000300047|
182152900001|103764400004|
182152900001|141522900004|
182152900001|125740000004|
182152900001|106984800004|
182152900001|102199500004|
182152900001|137236900004|
182152900001|102166600004|
182152900001|120321200004|
182152900001|122489400004|
182152900001|135866800004|
182152900001|105113400004|
182152900001|103443200004|
182152900001|119903200004|
182152900001|103858700004|
182152900001|134139100004|
182152900001|111855900004|
182152900001|100041100034|
182152900001|117217200004|
182152900001|104464000004|
182152900001|115594900004|
182152900001|129925900004|
182152900001|131131000004|
182152900001|132380400004|
182152900001|111051000004|
182152900001|103191300004|
182152900001|108656000004|
182152900001|141890000004|
182152900001|133481200004|
182152900001|132960800004|
182152900001|182968700007|
182152900001|142218600004|
182152900001|137321600004|
182152900001|111642800004|
182152900001|109730300004|
182152900001|105744200004|
182152900001|110686900004|
182152900001|117960700004|
182152900001|135006100004|
182152900001|105558900004|
182152900001|139995600004|
182152900001|102011100004|
182152900001|110163700004|
182152900001|104568200004|
182152900001|141865200004|
182152900001|103124100004|
182152900001|134399100004|
182152900001|132177800004|
182152900001|105354200004|
182152900001|142710100004|
182152900001|142596200004|
182152900001|111429700004|
182152900001|101604200004|
182152900001|136413300004|
182152900001|100496200004|
182152900001|134923400004|
182152900001|102714600004|
182152900001|128672200004|
182152900001|121763800004|
182152900001|100036700020|
182152900001|103442800004|
182152900001|101179300004|
182152900001|102578100004|
182152900001|115166900004|
182152900001|140121800004|
182152900001|102516200004|
182152900001|103910400004|
182152900001|104328700004|
182152900001|100032400322|
182152900001|100276400004|
182152900001|104081100004|
182152900001|181266400004|
182152900001|134238100004|
182152900001|136298000004|
182152900001|103574600004|
182152900001|135628000004|
182152900001|102402600004|
182152900001|141737800004|
182152900001|104514400004|
182152900001|105341400004|
182152900001|180957400018|
182152900001|139134200004|
182152900001|100198100004|
182152900001|104026600004|
182152900001|185073700004|
182152900001|101367400004|
182152900001|105082500004|
182152900001|123900200004|
182152900001|100056200061|
182152900001|100022400131|
182152900001|101342300004|
182152900001|103747200004|
182152900001|139407900004|
182152900001|100032400694|
182152900001|180502500004|
182152900001|134079600004|
182152900001|100032400168|
182152900001|135210700004|
182152900001|119195600004|
182152900001|134490900004|
182152900001|134449800004|
182152900001|185094500004|
182152900001|141337100004|
182152900001|139232800004|
182152900001|102767000004|
182152900001|104959600004|
182152900001|105855000004|
182152900001|106260500004|
182152900001|103334400004|
182152900001|135655900004|
182152900001|100032400480|
182152900001|105149500004|
182152900001|134780000004|
182152900001|134398700004|
182152900001|139548400004|
182152900001|101102200004|
182152900001|140377800004|
182152900001|102172400004|
182152900001|138351000004|
182152900001|116460900004|
182152900001|140230600004|
182152900001|100056200067|
182152900001|100383900004|
182152900001|100032400251|
182152900001|142168100004|
182152900001|132059700004|
182152900001|139829600004|
182152900001|142319700004|
182152900001|128059500004|
182152900001|103384100004|
182152900001|134791900004|
182152900001|104600800004|
182152900001|135629800004|
182152900001|119630100004|
182152900001|102325900004|
182152900001|100032400245|
182152900001|133555100004|
182152900001|103322000004|
182152900001|101140900004|
182152900001|127650000004|
182152900001|102826800004|
182152900001|121072600004|
182152900001|101208500004|
182152900001|142359500004|
182152900001|101535000004|
182152900001|140230300004|
182152900001|105263300004|
182152900001|106843500004|
182152900001|104767800004|
182152900001|100527200004|
182152900001|101633100004|
182152900001|122177300004|
182152900001|180884700015|
182152900001|139235800004|
182152900001|100041100031|
182152900001|135015100004|
182152900001|104165700004|
182152900001|135299100004|
182152900001|100161200004|
182152900001|135397200004|
182152900001|182908900004|
182152900001|180884700024|
182152900001|102991600004|
182152900001|135543600004|
182152900001|180957400040|
182152900001|105242400004|
182152900001|136354200004|
182152900001|100017800050|
182152900001|180884700021|
182152900001|141645900004|
182152900001|103350900004|
182152900001|101044200004|
182152900001|103315000004|
182152900001|139861600004|
182152900001|104800100004|
182152900001|105789600004|
182152900001|181316000004|
182152900001|182996900004|
182152900001|133049100004|
182152900001|142677700004|
182152900001|103014000004|
182152900001|101588700004|
182152900001|104729500004|
182152900001|120072800004|
182152900001|137584900004|
182152900001|102277600004|
182152900001|134159200004|
182152900001|101019600004|
182152900001|135746900004|
182152900001|182298900004|
182152900001|113869300004|
182152900001|140798600004|
182152900001|133722200004|
182152900001|105588400004|
182152900001|134406500004|
182152900001|139864500004|
182152900001|115125100004|
182152900001|141598700004|
182152900001|100054900007|
182152900001|134719900004|
182152900001|100405200004|
182152900001|134920500004|
182152900001|141862100004|
182152900001|124534100004|
182152900001|121274400004|
182152900001|110882900004|
182152900001|110501300004|
182152900001|137332200004|
182152900001|100808000004|
182152900001|100375600004|
182152900001|103519300004|
182152900001|138774800004|
182152900001|111273100004|
182152900001|111050600004|
182152900001|134676000004|
182152900001|134996300004|
182152900001|112034800004|
182152900001|123402900004|
182152900001|110671100004|
182152900001|118970300004|
182152900001|119693300004|
182152900001|104317300004|
182152900001|141634700004|
182152900001|132590300004|
182152900001|101323700004|
182152900001|182485400004|
182152900001|106093500004|
182152900001|135807500004|
182152900001|136217400004|
182152900001|134083000004|
182152900001|142217200004|
182152900001|136427700004|
182152900001|134635900004|
182152900001|129385000004|
182152900001|139444700004|
182152900001|139246400004|
182152900001|100839900004|
182152900001|119175100004|
182152900001|133328200004|
182152900001|102684600004|
182152900001|105745500004|
182152900001|134437500004|
182152900001|102689300004|
182152900001|100966100004|
182152900001|104567800004|
182152900001|100041100019|
182152900001|117070900004|
182152900001|103411000004|
182152900001|119471200004|
182152900001|139337800004|
182152900001|100842300004|
182152900001|101918900004|
182152900001|120400400004|
182152900001|102171100004|
182152900001|120932800004|
182152900001|101785900004|
182152900001|121266000004|
182152900001|105516000004|
182152900001|129464500004|
182152900001|105016500004|
182152900001|100041100020|
182152900001|183497800004|
182152900001|122608900004|
182152900001|116904800004|
182152900001|140898700004|
182152900001|134852100004|
182152900001|129229400004|
182152900001|119736000004|
182152900001|111065000004|
182152900001|118440700004|
182152900001|136049600004|
182152900001|134656500004|
182152900001|115507600004|
182152900001|110224000004|
182152900001|128111200004|
182152900001|131975900004|
182152900001|135929900004|
182152900001|137146900004|
182152900001|104152900004|
182152900001|101514800004|
182152900001|112706400004|
182152900001|104565100004|
182152900001|102314000004|
182152900001|121090600004|
182152900001|120456200004|
182152900001|110341900004|
182152900001|103764000004|
182152900001|126003700004|
182152900001|110566500004|
182152900001|130698700004|
182152900001|105036400004|
182152900001|142139000004|
182152900001|105929600004|
182152900001|117373000004|
182152900001|127244600004|
182152900001|116170000004|
182152900001|134828000004|
182152900001|142515300004|
182152900001|134283100004|
182152900001|112825700004|
182152900001|109108600004|
182152900001|100095500004|
182152900001|134814100004|
182152900001|104723100004|
182152900001|101881000004|
182152900001|142083700004|
182152900001|139475000004|
182152900001|102639500004|
182152900001|117972800004|
182152900001|120088500004|
182152900001|102524600004|
182152900001|101912500004|
182152900001|126603600004|
182152900001|104146200004|
182152900001|136034500004|
182152900001|105557000004|
182152900001|106041100004|
182152900001|126430100004|
182152900001|134283500004|
182152900001|142480700004|
182152900001|110590400004|
182152900001|138468500004|
182152900001|130593600004|
182152900001|133432100004|
182152900001|127965800004|
182152900001|120791600004|
182152900001|123306800004|
182152900001|103220600004|
182152900001|139283800004|
182152900001|110419100004|
182152900001|128220400004|
182152900001|113812600004|
182152900001|118338500004|
182152900001|117511100004|
182152900001|102086800004|
182152900001|110632300004|
182152900001|125153500004|
182152900001|131822800004|
182152900001|100109500004|
182152900001|104112200004|
182152900001|101544300004|
182152900001|100060800020|
182152900001|110761000004|
182152900001|137543200004|
182152900001|110545500004|
182152900001|101431300004|
182152900001|101734400004|
182152900001|105647600004|
182152900001|142672200004|
182152900001|142719300004|
182152900001|111009800004|
182152900001|103139300004|
182152900001|123489200004|
182152900001|134327400004|
182152900001|134569800004|
182152900001|100419100004|
182152900001|136780100004|
182152900001|105927200004|
182152900001|107287500004|
182152900001|102847700004|
182152900001|112128400004|
182152900001|103149500004|
182152900001|131525300004|
182152900001|130793700004|
182152900001|105588100004|
182152900001|117495600004|
182152900001|130229600004|
182152900001|103742000004|
182152900001|121694400004|
182152900001|100388600004|
182152900001|111281700004|
182152900001|117347200004|
182152900001|125634800004|
182152900001|115781900004|
182152900001|131838300004|
182152900001|141429300004|
182152900001|125967100004|
182152900001|107684100004|
182152900001|104315700004|
182152900001|128536000004|
182152900001|137412800004|
182152900001|137427600004|
182152900001|137816700004|
182152900001|139226200004|
182152900001|134463900004|
182152900001|183060200004|
182152900001|116171600004|
182152900001|100050400009|
182152900001|141882900004|
182152900001|139354500004|
182152900001|123595900004|
182152900001|115619600004|
182152900001|114097900004|
182152900001|104555800004|
182152900001|136315800004|
182152900001|139533700004|
182152900001|142650200004|
182152900001|101070900004|
182152900001|100018600263|
182152900001|105307000004|
182152900001|103232200004|
182152900001|105924400004|
182152900001|105155000004|
182152900001|142672500004|
182152900001|135917200004|
182152900001|141423100004|
182152900001|140055000004|
182152900001|101965600004|
182152900001|182431300004|
182152900001|110975900004|
182152900001|139261800004|
182152900001|103823400004|
182152900001|123589900004|
182152900001|129220800004|
182152900001|141673500004|
182152900001|105102900004|
182152900001|135914500004|
182152900001|115696500004|
182152900001|107390600004|
182152900001|136300500004|
182152900001|132552100004|
182152900001|102067100004|
182152900001|116741400004|
182152900001|101980600004|
182152900001|100019300028|
182152900001|100031500089|
182152900001|134401100004|
182152900001|102634100004|
182152900001|101679000004|
182152900001|134249400004|
182152900001|122453100004|
182152900001|128863400004|
182152900001|119034900004|
182152900001|109632700004|
182152900001|135614400004|
182152900001|101521300004|
182152900001|135735100004|
182152900001|105769700004|
182152900001|100413900004|
182152900001|182867600004|
182152900001|139478100004|
182152900001|111385300004|
182152900001|100918500004|
182152900001|182334200004|
182152900001|102932900004|
182152900001|136652400004|
182152900001|140809700004|
182152900001|107304300004|
182152900001|184248900004|
182152900001|100235200004|
182152900001|141223200004|
182152900001|127041000004|
182152900001|105982300004|
182152900001|102865200004|
182152900001|105160000004|
182152900001|137381200004|
182152900001|104798800004|
182152900001|142020900004|
182152900001|105234700004|
182152900001|122020000004|
182152900001|110247100004|
182152900001|100028900028|
182152900001|135429900004|
182152900001|104018400004|
182152900001|182898100004|
182152900001|102408500004|
182152900001|141298800004|
182152900001|112182800004|
182152900001|111955600004|
182152900001|110701100004|
182152900001|141129100004|
182152900001|109839500004|
182152900001|105912900004|
182152900001|101396600004|
182152900001|183951700004|
182152900001|102864000004|
182152900001|140011800004|
182152900001|100409500004|
182152900001|105411700004|
182152900001|133856500004|
182152900001|103844200004|
182152900001|100963800004|
182152900001|125107100004|
182152900001|118450500004|
182152900001|180108000004|
182152900001|140185400004|
182152900001|142606200004|
182152900001|100016500006|
182152900001|184415000004|
182152900001|100025800030|
182152900001|133205100004|
182152900001|102299800004|
182152900001|134969900004|
182152900001|136959400004|
182152900001|102828000004|
182152900001|180204600004|
182152900001|103956600004|
182152900001|105580700004|
182152900001|119989500004|
182152900001|103917300004|
182152900001|132454700004|
182152900001|104168600004|
182152900001|101563900004|
182152900001|112186200004|
182152900001|116930700004|
182152900001|100032400608|
182152900001|117079700004|
182152900001|182997100004|
182152900001|140657500004|
182152900001|111071400004|
182152900001|125572700004|
182152900001|104543900004|
182152900001|103985000004|
182152900001|130974200004|
182152900001|117597500004|
182152900001|100017000007|
182152900001|185310300004|
182152900001|140098300004|
182152900001|105842300004|
182152900001|126649600004|
182152900001|139754600004|
182152900001|183200200004|
182152900001|130853700004|
182152900001|106300500004|
182152900001|101729900004|
182152900001|105122000004|
182152900001|105614600004|
182152900001|100784600004|
182152900001|100527800004|
182152900001|134374800004|
182152900001|139185800004|
182152900001|134281000004|
182152900001|117779700004|
182152900001|120436900004|
182152900001|180424000004|
182152900001|141534800004|
182152900001|110297300004|
182152900001|183921800004|
182152900001|115794900004|
182152900001|100022700004|
182152900001|134962300004|
182152900001|100035400008|
182152900001|126912200004|
182152900001|109451300004|
182152900001|101877500004|
182152900001|135038600004|
182152900001|105839900004|
182152900001|182753100004|
182152900001|137749800004|
182152900001|142141900004|
182152900001|103029700004|
182152900001|138583300004|
182152900001|103610700004|
182152900001|183193400004|
182152900001|115186700004|
182152900001|138866100004|
182152900001|134338300004|
182152900001|130472200004|
182152900001|102294900004|
182152900001|139446300004|
182152900001|136922700004|
182152900001|100407500004|
182152900001|140510500004|
182152900001|120571700004|
182152900001|100000300019|
182152900001|137001900004|
182152900001|139510400004|
182152900001|180967000004|
182152900001|101079500004|
182152900001|133498000004|
182152900001|105784500004|
182152900001|102291700004|
182152900001|115155300004|
182152900001|122626600004|
182152900001|132912600004|
182152900001|103882600004|
182152900001|137068500004|
182152900001|136446800004|
182152900001|103920900004|
182152900001|100526000004|
182152900001|100821300004|
182152900001|102039600004|
182152900001|101852500004|
182152900001|127911100004|
182152900001|135519800004|
182152900001|135789800004|
182152900001|103758900004|
182152900001|135848800004|
182152900001|100032400184|
182152900001|104084800004|
182152900001|134750200004|
182152900001|180449100004|
182152900001|137097700004|
182152900001|104748500004|
182152900001|105399700004|
182152900001|181384600004|
182152900001|183972900004|
182152900001|102247200004|
182152900001|104512700004|
182152900001|135535800004|
182152900001|100361900004|
182152900001|100212800004|
182152900001|141738700004|
182152900001|102180400004|
182152900001|134286100004|
182152900001|103517600004|
182152900001|138157200004|
182152900001|120237000004|
182152900001|135811000004|
182152900001|101093200004|
182152900001|142661300004|
182152900001|142569100004|
182152900001|100032400340|
182152900001|105519700004|
182152900001|104559700004|
182152900001|102520600004|
182152900001|101419300004|
182152900001|183842900004|
182152900001|100013300030|
182152900001|135570000004|
182152900001|142217300004|
182152900001|100041100023|
182152900001|121704500004|
182152900001|139910500004|
182152900001|117266000004|
182152900001|105744600004|
182152900001|183712500004|
182152900001|183986600004|
182152900001|104537100004|
182152900001|102001100004|
182152900001|126430700004|
182152900001|135030700004|
182152900001|104093300004|
182152900001|140113400004|
182152900001|123773700004|
182152900001|100022400080|
182152900001|115698300004|
182152900001|117682500004|
182152900001|135434600004|
182152900001|101576800004|
182152900001|101441900004|
182152900001|130780600004|
182152900001|129348500004|
182152900001|112278100004|
182152900001|182653400004|
182152900001|103365700004|
182152900001|116167600004|
182152900001|100019300042|
182152900001|102661100004|
182152900001|182724400004|
182152900001|100038600130|
182152900001|139345400004|
182152900001|104816300004|
182152900001|107386300004|
182152900001|105405200004|
182152900001|140889100004|
182152900001|115182800004|
182152900001|182437200004|
182152900001|102410500004|
182152900001|105909400004|
182152900001|102746800004|
182152900001|116613000004|
182152900001|139496300004|
182152900001|103536800004|
182152900001|142337700004|
182152900001|104556700004|
182152900001|136343900004|
182152900001|100032400240|
182152900001|104197500004|
182152900001|180307000004|
182152900001|105168200004|
182152900001|118957600004|
182152900001|134008500004|
182152900001|105332800004|
182152900001|105716600004|
182152900001|105794600004|
182152900001|104101500004|
182152900001|135856100004|
182152900001|131404400004|
182152900001|133500300004|
182152900001|104511200004|
182152900001|105677500004|
182152900001|141944500004|
182152900001|182549600004|
182152900001|101639400004|
182152900001|102408600004|
182152900001|117871000004|
182152900001|100022700005|
182152900001|101058100004|
182152900001|100032400010|
182152900001|105232100004|
182152900001|139246800004|
182152900001|134772300004|
182152900001|135195800004|
182152900001|183858100004|
182152900001|119067100004|
182152900001|139686100004|
182152900001|100973700004|
182152900001|136324200004|
182152900001|102206800004|
182152900001|107404400004|
182152900001|100375900004|
182152900001|136955100004|
182152900001|105386100004|
182152900001|141458300004|
182152900001|125996900004|
182152900001|140195500004|
182152900001|123734000004|
182152900001|105973000004|
182152900001|182720000004|
182152900001|133427500004|
182152900001|133437700004|
182152900001|101071000004|
182152900001|119831200004|
182152900001|139921800004|
182152900001|119605900004|
182152900001|100017200362|
182152900001|105824700004|
182152900001|101661100004|
182152900001|139637900004|
182152900001|100032400313|
182152900001|102344100004|
182152900001|100020700014|
182152900001|101838100004|
182152900001|105194000004|
182152900001|139644300004|
182152900001|131821300004|
182152900001|142014900004|
182152900001|121221400004|
182152900001|103342600004|
182152900001|139632300004|
182152900001|121227600004|
182152900001|110684400004|
182152900001|111997300004|
182152900001|135238100004|
182152900001|140546900004|
182152900001|104517600004|
182152900001|105298800004|
182152900001|139198200004|
182152900001|104940600004|
182152900001|103290000004|
182152900001|100161800004|
182152900001|100022400024|
182152900001|101541900004|
182152900001|101177800004|
182152900001|100032400277|
182152900001|101082000004|
182152900001|106734900004|
182152900001|139083000004|
182152900001|137538300004|
182152900001|103792200004|
182152900001|139410600004|
182152900001|115031800004|
182152900001|119437100004|
182152900001|121821500004|
182152900001|111312400004|
182152900001|100016500019|
182152900001|183517100004|
182152900001|103196700004|
182152900001|137323400004|
182152900001|100882900004|
182152900001|101442600004|
182152900001|135260500004|
182152900001|100063500011|
182152900001|137261200004|
182152900001|100657000004|
182152900001|103028300004|
182152900001|106896600004|
182152900001|135123900004|
182152900001|102654300004|
182152900001|103121100004|
182152900001|100603100004|
182152900001|100050700274|
182152900001|105440900004|
182152900001|100020700020|
182152900001|103359200004|
182152900001|100058600045|
182152900001|139919400004|
182152900001|142288300004|
182152900001|102438700004|
182152900001|141302300004|
182152900001|105962500004|
182152900001|120449700004|
182152900001|135510400004|
182152900001|137225400004|
182152900001|140321400004|
182152900001|133125700004|
182152900001|142157900004|
182152900001|107329700004|
182152900001|138473800004|
182152900001|101805200004|
182152900001|137608800004|
182152900001|100020700018|
182152900001|138981400004|
182152900001|105403700004|
182152900001|100025800008|
182152900001|104455800004|
182152900001|116574000004|
182152900001|180957400011|
182152900001|100032400520|
182152900001|104378700004|
182152900001|101739200004|
182152900001|101594600004|
182152900001|135724100004|
182152900001|103508100004|
182152900001|141646600004|
182152900001|104937200004|
182152900001|115956600004|
182152900001|108259700004|
182152900001|128948200004|
182152900001|103335500004|
182152900001|133334100004|
182152900001|139921000004|
182152900001|117525300004|
182152900001|137127700004|
182152900001|103115900004|
182152900001|180499700004|
182152900001|101210500004|
182152900001|100632400004|
182152900001|103890600004|
182152900001|111428500004|
182152900001|104862500004|
182152900001|102308600004|
182152900001|136511500004|
182152900001|105215700004|
182152900001|106723900004|
182152900001|141266400004|
182152900001|100867000004|
182152900001|126610900004|
182152900001|103916600004|
182152900001|109389000004|
182152900001|180178000004|
182152900001|100445600004|
182152900001|120348300004|
182152900001|128088100004|
182152900001|182725800004|
182152900001|142666200004|
182152900001|110430300004|
182152900001|101624000004|
182152900001|100032400545|
182152900001|139158900004|
182152900001|103498000004|
182152900001|185130700004|
182152900001|100041100038|
182152900001|136304200004|
182152900001|100032400416|
182152900001|106355100004|
182152900001|137405700004|
182152900001|101566100004|
182152900001|139156000004|
182152900001|140007100004|
182152900001|137234000004|
182152900001|106495900004|
182152900001|104139000004|
182152900001|134577700004|
182152900001|101943700004|
182152900001|100016500014|
182152900001|102046600004|
182152900001|111665000004|
182152900001|103903800004|
182152900001|105384300004|
182152900001|104083800004|
182152900001|100021300005|
182152900001|101194300004|
182152900001|137415500004|
182152900001|139670100004|
182152900001|102084200004|
182152900001|104996200004|
182152900001|104092700004|
182152900001|119506100004|
182152900001|180387300004|
182152900001|137640900004|
182152900001|139699500004|
182152900001|101602100004|
182152900001|121861800004|
182152900001|134741900004|
182152900001|105287900004|
182152900001|112477100004|
182152900001|135740400004|
182152900001|106334600004|
182152900001|183933200004|
182152900001|111189200004|
182152900001|130036100004|
182152900001|107388800004|
182152900001|107368500004|
182152900001|140752200004|
182152900001|110158100004|
182152900001|105971100004|
182152900001|104613400004|
182152900001|101630900004|
182152900001|104551400004|
182152900001|180553800004|
182152900001|114299500004|
182152900001|127412000004|
182152900001|141292800004|
182152900001|182960000004|
182152900001|105616300004|
182152900001|135206900004|
182152900001|140786700004|
182152900001|100289600004|
182152900001|116411100004|
182152900001|100032400678|
182152900001|180736200004|
182152900001|141766400004|
182152900001|104586800004|
182152900001|136848600004|
182152900001|111877800004|
182152900001|112183900004|
182152900001|117804400004|
182152900001|142660500004|
182152900001|141243300004|
182152900001|130529700004|
182152900001|185145700004|
182152900001|120161600004|
182152900001|180370100004|
182152900001|102829900004|
182152900001|131858900004|
182152900001|115770500004|
182152900001|132718600004|
182152900001|105235700004|
182152900001|104656200004|
182152900001|141391200004|
182152900001|180147200004|
182152900001|130868700004|
182152900001|101125700004|
182152900001|182501400004|
182152900001|183879400004|
182152900001|139526700004|
182152900001|136580200004|
182152900001|107592600004|
182152900001|142263600004|
182152900001|100032400400|
182152900001|112418000004|
182152900001|105225200004|
182152900001|101523500004|
182152900001|125922500004|
182152900001|101653800004|
182152900001|135287700004|
182152900001|103382300004|
182152900001|123930200004|
182152900001|101800700004|
182152900001|141428000004|
182152900001|142335200004|
182152900001|132321200004|
182152900001|139462700004|
182152900001|134830500004|
182152900001|106549500004|
182152900001|180821600032|
182152900001|106042600004|
182152900001|102840200004|
182152900001|131525700004|
182152900001|105356300004|
182152900001|110860700004|
182152900001|100025800017|
182152900001|101532700004|
182152900001|105378800004|
182152900001|111336300004|
182152900001|103961200004|
182152900001|100565800004|
182152900001|100016500018|
182152900001|182611800004|
182152900001|119209100004|
182152900001|141477800004|
182152900001|100032400493|
182152900001|101670900004|
182152900001|135054000004|
182152900001|104455300004|
182152900001|134686100004|
182152900001|111957600004|
182152900001|141841800004|
182152900001|119594200004|
182152900001|101502100004|
182152900001|108891600004|
182152900001|135181200004|
182152900001|102155700004|
182152900001|103761900004|
182152900001|103379600004|
182152900001|141768100004|
182152900001|116537300004|
182152900001|101452700004|
182152900001|105125900004|
182152900001|118464400004|
182152900001|100020700025|
182152900001|135643100004|
182152900001|101556100004|
182152900001|121344600004|
182152900001|139638200004|
182152900001|137309500004|
182152900001|180044000004|
182152900001|124813400004|
182152900001|129388400004|
182152900001|142285100004|
182152900001|131395600004|
182152900001|135735900004|
182152900001|181263700004|
182152900001|142088200004|
182152900001|103366700004|
182152900001|100686700004|
182152900001|117037500004|
182152900001|100022400091|
182152900001|116031500004|
182152900001|102095600004|
182152900001|103891700004|
182152900001|104016200004|
182152900001|132496700004|
182152900001|103320500004|
182152900001|105785000004|
182152900001|119680400004|
182152900001|100036700016|
182152900001|100041100026|
182152900001|139164600004|
182152900001|140383600004|
182152900001|106319900004|
182152900001|118657500004|
182152900001|110609700004|
182152900001|141638300004|
182152900001|102164400004|
182152900001|100041100016|
182152900001|134732700004|
182152900001|132686700004|
182152900001|115191400004|
182152900001|100502200004|
182152900001|112028300004|
182152900001|111053000004|
182152900001|126590700004|
182152900001|105795800004|
182152900001|139186600004|
182152900001|103191200004|
182152900001|123821300004|
182152900001|137143800004|
182152900001|100785300004|
182152900001|135125900004|
182152900001|111612100004|
182152900001|100149500004|
182152900001|112646700004|
182152900001|102716900004|
182152900001|142158500004|
182152900001|123486000004|
182152900001|105808100004|
182152900001|125852600004|
182152900001|140244000004|
182152900001|100292100004|
182152900001|182533000004|
182152900001|134971000004|
182152900001|133742500004|
182152900001|109139500004|
182152900001|105156400004|
182152900001|109568800004|
182152900001|141612400004|
182152900001|119936400004|
182152900001|105272800004|
182152900001|123737300004|
182152900001|111126000004|
182152900001|116120700004|
182152900001|141942800004|
182152900001|134041800004|
182152900001|119203400004|
182152900001|134073800004|
182152900001|107059100004|
182152900001|111933500004|
182152900001|134100900004|
182152900001|119795600004|
182152900001|128548300004|
182152900001|125790600004|
182152900001|108971200004|
182152900001|102333100004|
182152900001|103514000004|
182152900001|123122100004|
182152900001|101165100004|
182152900001|106584700004|
182152900001|124991100004|
182152900001|136505400004|
182152900001|104184200004|
182152900001|101636400004|
182152900001|104006800004|
182152900001|135336200004|
182152900001|133051600004|
182152900001|181291400004|
182152900001|133534100004|
182152900001|120426300004|
182152900001|104557800004|
182152900001|116812700004|
182152900001|181320600004|
182152900001|103780900004|
182152900001|117125500004|
182152900001|137912100004|
182152900001|116325500004|
182152900001|137209100004|
182152900001|180268600004|
182152900001|142557100004|
182152900001|103919300004|
182152900001|112365600004|
182152900001|128044000004|
182152900001|141474300004|
182152900001|132476700004|
182152900001|110593700004|
182152900001|100017800028|
182152900001|137514800004|
182152900001|125606100004|
182152900001|100828200004|
182152900001|104597400004|
182152900001|100032400216|
182152900001|124097600004|
182152900001|101980100004|
182152900001|139275600004|
182152900001|115941200004|
182152900001|110607600004|
182152900001|100042800008|
182152900001|106647200004|
182152900001|183803600004|
182152900001|110540500004|
182152900001|134634800004|
182152900001|103147300004|
182152900001|137324400004|
182152900001|104351500004|
182152900001|105528300004|
182152900001|139950900004|
182152900001|101956000004|
182152900001|140658700004|
182152900001|180755600004|
182152900001|104743700004|
182152900001|122586300004|
182152900001|100041100035|
182152900001|180199300004|
182152900001|136992100004|
182152900001|137299300004|
182152900001|184030700004|
182152900001|184030800004|
182152900001|124819900004|
182152900001|137478300004|
182152900001|110216500004|
182152900001|110655500004|
182152900001|135264500004|
182152900001|121598200004|
182152900001|104780300004|
182152900001|104555900004|
182152900001|135230900004|
182152900001|101153300004|
182152900001|134751500004|
182152900001|142070300004|
182152900001|104116700004|
182152900001|132482800004|
182152900001|125227500004|
182152900001|105318100004|
182152900001|126537300004|
182152900001|104733800004|
182152900001|180887300004|
182152900001|105696500004|
182152900001|100546900004|
182152900001|102916400004|
182152900001|105571200004|
182152900001|134214800004|
182152900001|105997600004|
182152900001|100450400004|
182152900001|132408100004|
182152900001|122635400004|
182152900001|142703600004|
182152900001|112824800004|
182152900001|105183500004|
182152900001|182971800004|
182152900001|105364500004|
182152900001|102367200004|
182152900001|103562900004|
182152900001|134908900004|
182152900001|118910100004|
182152900001|139332500004|
182152900001|139942800004|
182152900001|128355600004|
182152900001|100050700659|
182152900001|126886800004|
182152900001|102069200004|
182152900001|128851600004|
182152900001|181949100004|
182152900001|114927300004|
182152900001|137024800004|
182152900001|103793600004|
182152900001|133412800004|
182152900001|118568200004|
182152900001|183966900004|
182152900001|180601900004|
182152900001|132061300004|
182152900001|105386800004|
182152900001|103717800004|
182152900001|140171700004|
182152900001|101023500004|
182152900001|128989200004|
182152900001|183082700004|
182152900001|115190800004|
182152900001|119105200004|
182152900001|135811400004|
182152900001|119316600004|
182152900001|140074600004|
182152900001|142642100004|
182152900001|118540200004|
182152900001|101117500004|
182152900001|134074900004|
182152900001|106252200004|
182152900001|110557600004|
182152900001|135590800004|
182152900001|182760700004|
182152900001|137765700004|
182152900001|129515900004|
182152900001|103853000004|
182152900001|137748900004|
182152900001|104366300004|
182152900001|101781400004|
182152900001|103543600004|
182152900001|116362100004|
182152900001|142189600004|
182152900001|100000300012|
182152900001|103294200004|
182152900001|106481100004|
182152900001|109356800004|
182152900001|141655100004|
182152900001|105722900004|
182152900001|103562200004|
182152900001|100013300065|
182152900001|104771200004|
182152900001|126439600004|
182152900001|100013300086|
182152900001|100000300038|
182152900001|105175800004|
182152900001|110258000004|
182152900001|181320700004|
182152900001|123212200004|
182152900001|100563200004|
182152900001|120888700004|
182152900001|100041100013|
182152900001|132012300004|
182152900001|132149700004|
182152900001|134764800004|
182152900001|138754500004|
182152900001|102488500004|
182152900001|136652800004|
182152900001|105797400004|
182152900001|184401400004|
182152900001|136869900004|
182152900001|101536600004|
182152900001|131441100004|
182152900001|133223800004|
182152900001|110756000004|
182152900001|104424000004|
182152900001|102752600004|
182152900001|102834100004|
182152900001|105935400004|
182152900001|100000300043|
182152900001|102865300004|
182152900001|100908600004|
182152900001|131302700004|
182152900001|109187300004|
182152900001|109341100004|
182152900001|105686800004|
182152900001|104776500004|
182152900001|141595600004|
182152900001|100055100010|
182152900001|136438400004|
182152900001|102720100004|
182152900001|182703900004|
182152900001|100025800004|
182152900001|100013300077|
182152900001|136411700004|
182152900001|100197100004|
182152900001|141794600004|
182152900001|123674900004|
182152900001|104032900004|
182152900001|102823000004|
182152900001|135680500004|
182152900001|139048400004|
182152900001|102225100004|
182152900001|105329500004|
182152900001|139749300004|
182152900001|117431600004|
182152900001|142479000004|
182152900001|103476600004|
182152900001|181262300004|
182152900001|102987500004|
182152900001|102582000004|
182152900001|100059300065|
182152900001|105176700004|
182152900001|136405000004|
182152900001|139605100004|
182152900001|101163000004|
182152900001|135351100004|
182152900001|101634100004|
182152900001|103951000004|
182152900001|102013600004|
182152900001|100358900004|
182152900001|105022700004|
182152900001|100394500004|
182152900001|119140300004|
182152900001|103904200004|
182152900001|122908000004|
182152900001|103445900004|
182152900001|104939400004|
182152900001|106654900004|
182152900001|100493700004|
182152900001|101214500004|
182152900001|105861400004|
182152900001|141122700004|
182152900001|100032400610|
182152900001|127533500004|
182152900001|104121400004|
182152900001|141726400004|
182152900001|102746500004|
182152900001|100735600004|
182152900001|121906300004|
182152900001|100432100004|
182152900001|141586500004|
182152900001|126363500004|
182152900001|100032400555|
182152900001|141832100004|
182152900001|102208800004|
182152900001|103545200004|
182152900001|100303700004|
182152900001|124960500004|
182152900001|102197100004|
182152900001|100032400437|
182152900001|100022400096|
182152900001|129300600004|
182152900001|102326200004|
182152900001|102365000004|
182152900001|105561400004|
182152900001|102198800004|
182152900001|105812400004|
182152900001|134217700004|
182152900001|101928700004|
182152900001|142693400004|
182152900001|105566900004|
182152900001|125598300004|
182152900001|101780200004|
182152900001|139543500004|
182152900001|101834100004|
182152900001|133333000004|
182152900001|126222000004|
182152900001|104670000004|
182152900001|134573700004|
182152900001|140159100004|
182152900001|140157700004|
182152900001|130029200004|
182152900001|137403100004|
182152900001|136683900004|
182152900001|135157900004|
182152900001|101697600004|
182152900001|127665700004|
182152900001|119716400004|
182152900001|124932700004|
182152900001|133293500004|
182152900001|114058900004|
182152900001|142315900004|
182152900001|102520400004|
182152900001|127305400004|
182152900001|181134200004|
182152900001|101627900004|
182152900001|106197500004|
182152900001|102963400004|
182152900001|137601800004|
182152900001|106318000004|
182152900001|131903900004|
182152900001|102128400004|
182152900001|134587400004|
182152900001|133192400004|
182152900001|130466000004|
182152900001|137090400004|
182152900001|141534400004|
182152900001|100049200027|
182152900001|105070500004|
182152900001|132069500004|
182152900001|100968100004|
182152900001|134773100004|
182152900001|124971100004|
182152900001|102872100004|
182152900001|104288600004|
182152900001|101708500004|
182152900001|100444800004|
182152900001|134510200004|
182152900001|111284200004|
182152900001|102758800004|
182152900001|125427400004|
182152900001|114589100004|
182152900001|130261000004|
182152900001|103434000004|
182152900001|120664000004|
182152900001|104080700004|
182152900001|100049200048|
182152900001|133337200004|
182152900001|104390400004|
182152900001|116464200004|
182152900001|106572700004|
182152900001|134726300004|
182152900001|122488300004|
182152900001|135599600004|
182152900001|102836000004|
182152900001|100032400476|
182152900001|180241300004|
182152900001|107485800004|
182152900001|104068400004|
182152900001|104536300004|
182152900001|103340300004|
182152900001|180483800004|
182152900001|100026000021|
182152900001|137006400004|
182152900001|117735000004|
182152900001|119893000004|
182152900001|111856700004|
182152900001|101669300004|
182152900001|121381300004|
182152900001|111031100004|
182152900001|183499400004|
182152900001|139139000004|
182152900001|142266500004|
182152900001|104654700004|
182152900001|105922200004|
182152900001|142632800004|
182152900001|134410700004|
182152900001|102958200004|
182152900001|100035900019|
182152900001|116744000004|
182152900001|118251800004|
182152900001|102012400004|
182152900001|100175200004|
182152900001|101695900004|
182152900001|134388800004|
182152900001|104375300004|
182152900001|106244800004|
182152900001|137410600004|
182152900001|182325000004|
182152900001|140232000004|
182152900001|139237700004|
182152900001|119118000004|
182152900001|182857000004|
182152900001|139763100004|
182152900001|182289100004|
182152900001|182867200004|
182152900001|112235700004|
182152900001|104741200004|
182152900001|108826500004|
182152900001|105704800004|
182152900001|142335600004|
182152900001|107706400004|
182152900001|180155800004|
182152900001|100000200313|
182152900001|134684200004|
182152900001|131912500004|
182152900001|111642100004|
182152900001|136855000004|
182152900001|116489900004|
182152900001|112990500004|
182152900001|116566700004|
182152900001|101818300004|
182152900001|107230800004|
182152900001|106869500004|
182152900001|114287300004|
182152900001|135585200004|
182152900001|111023300004|
182152900001|181914400004|
182152900001|102915500004|
182152900001|135475300004|
182152900001|101028300004|
182152900001|104704600004|
182152900001|129386200004|
182152900001|100222500004|
182152900001|110315400004|
182152900001|104865300004|
182152900001|142022200004|
182152900001|107190800004|
182152900001|123194300004|
182152900001|142506000004|
182152900001|101568600004|
182152900001|139323400004|
182152900001|135085200004|
182152900001|180182200004|
182152900001|103354500004|
182152900001|124849700004|
182152900001|104127000004|
182152900001|104976900004|
182152900001|112144000004|
182152900001|137423600004|
182152900001|141300300004|
182152900001|104454600004|
182152900001|103151800004|
182152900001|110592500004|
182152900001|104976500004|
182152900001|119500400004|
182152900001|116361600004|
182152900001|137167000004|
182152900001|100059300061|
182152900001|104939200004|
182152900001|141774800004|
182152900001|181252900004|
182152900001|127878000004|
182152900001|135404700004|
182152900001|103777700004|
182152900001|137717700004|
182152900001|126105400004|
182152900001|119185800004|
182152900001|128991900004|
182152900001|133132400004|
182152900001|101951900004|
182152900001|184467400004|
182152900001|103870300004|
182152900001|105336400004|
182152900001|101013100004|
182152900001|127394800004|
182152900001|103110900004|
182152900001|138670100004|
182152900001|105095100004|
182152900001|104344100004|
182152900001|114600000004|
182152900001|102633700004|
182152900001|102108600004|
182152900001|141906000004|
182152900001|129389000004|
182152900001|141024800004|
182152900001|138098800004|
182152900001|122447600004|
182152900001|101983400004|
182152900001|180734700004|
182152900001|116956300004|
182152900001|103391700004|
182152900001|130740500004|
182152900001|139638600004|
182152900001|105961200004|
182152900001|132965800004|
182152900001|102756700004|
182152900001|117070400004|
182152900001|104518300004|
182152900001|181182500004|
182152900001|132153200004|
182152900001|104664500004|
182152900001|104830300004|
182152900001|180537100004|
182152900001|100951200004|
182152900001|141556600004|
182152900001|119410400004|
182152900001|140894900004|
182152900001|100036700008|
182152900001|140127500004|
182152900001|139941600004|
182152900001|107267600004|
182152900001|126107300004|
182152900001|180302500004|
182152900001|141128600004|
182152900001|101759000004|
182152900001|108265700004|
182152900001|101149200004|
182152900001|139999500004|
182152900001|140076000004|
182152900001|180322000004|
182152900001|117134700004|
182152900001|100026300005|
182152900001|102713900004|
182152900001|122366900004|
182152900001|140883500004|
182152900001|103975200004|
182152900001|139450800004|
182152900001|135923300004|
182152900001|104745300004|
182152900001|141514500004|
182152900001|126548300004|
182152900001|182048400004|
182152900001|110783300004|
182152900001|112212200004|
182152900001|123588500004|
182152900001|180571400004|
182152900001|100016500017|
182152900001|142527300004|
182152900001|135584800004|
182152900001|125377900004|
182152900001|120805200004|
182152900001|112127600004|
182152900001|127391800004|
182152900001|136157100004|
182152900001|101554600004|
182152900001|137157700004|
182152900001|100031900004|
182152900001|104527400004|
182152900001|134816600004|
182152900001|141697300004|
182152900001|139138600004|
182152900001|106262800004|
182152900001|142685400004|
182152900001|109372100004|
182152900001|112324600004|
182152900001|129476400004|
182152900001|117502300004|
182152900001|103379400004|
182152900001|133371300004|
182152900001|105325200004|
182152900001|103442400004|
182152900001|101551800004|
182152900001|135744100004|
182152900001|106087200004|
182152900001|104451700004|
182152900001|103423000004|
182152900001|134395800004|
182152900001|104730500004|
182152900001|103326200004|
182152900001|105096300004|
182152900001|107276300004|
182152900001|137959100004|
182152900001|139516900004|
182152900001|128854900004|
182152900001|138275800004|
182152900001|115491300004|
182152900001|100031700062|
182152900001|136578600004|
182152900001|140122900004|
182152900001|139637200004|
182152900001|131047100004|
182152900001|129124700004|
182152900001|100032400165|
182152900001|137047000004|
182152900001|111267700004|
182152900001|123200200004|
182152900001|101579400004|
182152900001|134045200004|
182152900001|119902500004|
182152900001|100013300056|
182152900001|115256100004|
182152900001|139839700004|
182152900001|100022400063|
182152900001|101545200004|
182152900001|135791800004|
182152900001|135770600004|
182152900001|103276200004|
182152900001|133367400004|
182152900001|129311000004|
182152900001|181320300004|
182152900001|136221900004|
182152900001|104061400004|
182152900001|115808400004|
182152900001|105971800004|
182152900001|140485400004|
182152900001|180161800004|
182152900001|113151900004|
182152900001|104461500004|
182152900001|103130800004|
182152900001|125854800004|
182152900001|134658300004|
182152900001|102833400004|
182152900001|100661400004|
182152900001|183541000004|
182152900001|119595900004|
182152900001|103519500004|
182152900001|101786900004|
182152900001|117214300004|
182152900001|104422400004|
182152900001|102876000004|
182152900001|100032400647|
182152900001|180324000004|
182152900001|131207700004|
182152900001|141747000004|
182152900001|139256500004|
182152900001|135045900004|
182152900001|111352600004|
182152900001|119597900004|
182152900001|104051100004|
182152900001|119112600004|
182152900001|141718900004|
182152900001|132966000004|
182152900001|135583600004|
182152900001|137070900004|
182152900001|106357100004|
182152900001|142321100004|
182152900001|134043000004|
182152900001|100032400413|
182152900001|101735000004|
182152900001|131065800004|
182152900001|100494500004|
182152900001|105256700004|
182152900001|104239300004|
182152900001|111111500004|
182152900001|115601900004|
182152900001|111334000004|
182152900001|100442800004|
182152900001|100146600004|
182152900001|113329000004|
182152900001|137843300004|
182152900001|103890900004|
182152900001|104241100004|
182152900001|129396600004|
182152900001|103738600004|
182152900001|104870300004|
182152900001|114790000004|
182152900001|124843600004|
182152900001|107012200004|
182152900001|112393700004|
182152900001|102793100004|
182152900001|111781100004|
182152900001|115058400004|
182152900001|129825900004|
182152900001|105703400004|
182152900001|129376500004|
182152900001|142654300004|
182152900001|103368500004|
182152900001|103589100004|
182152900001|134209500004|
182152900001|130392500004|
182152900001|103610800004|
182152900001|104501900004|
182152900001|142293300004|
182152900001|129067400004|
182152900001|104819700004|
182152900001|100180900004|
182152900001|101974900004|
182152900001|124931900004|
182152900001|103526500004|
182152900001|136123200004|
182152900001|101354700004|
182152900001|100947700004|
182152900001|100774000004|
182152900001|132936900004|
182152900001|142656300004|
182152900001|129261400004|
182152900001|116536200004|
182152900001|180262600004|
182152900001|126409500004|
182152900001|117215700004|
182152900001|136424600004|
182152900001|120495500004|
182152900001|107523700004|
182152900001|101657800004|
182152900001|181278400004|
182152900001|101847700004|
182152900001|105053700004|
182152900001|106045400004|
182152900001|104660800004|
182152900001|184667800004|
182152900001|106518800004|
182152900001|105565100004|
182152900001|103160000004|
182152900001|103035700004|
182152900001|105396800004|
182152900001|102584400004|
182152900001|105381000004|
182152900001|103292300004|
182152900001|139105100004|
182152900001|106484600004|
182152900001|183751700004|
182152900001|115312500004|
182152900001|106280100004|
182152900001|101681500004|
182152900001|120815900004|
182152900001|106751800004|
182152900001|111286200004|
182152900001|130226300004|
182152900001|105755100004|
182152900001|121820700004|
182152900001|111881800004|
182152900001|133128000004|
182152900001|125032600004|
182152900001|111882200004|
182152900001|103832000004|
182152900001|103932100004|
182152900001|112927500004|
182152900001|110708800004|
182152900001|118864200004|
182152900001|102438000004|
182152900001|181967100004|
182152900001|100435100004|
182152900001|119504900004|
182152900001|104756600004|
182152900001|122363700004|
182152900001|101834800004|
182152900001|117359700004|
182152900001|141768500004|
182152900001|129323300004|
182152900001|107833200004|
182152900001|183208700004|
182152900001|105298100004|
182152900001|126698600004|
182152900001|134186800004|
182152900001|134557300004|
182152900001|101430600004|
182152900001|115411400004|
182152900001|133075400004|
182152900001|103581000004|
182152900001|103382700004|
182152900001|134799800004|
182152900001|106829200004|
182152900001|100362500004|
182152900001|136513800004|
182152900001|136051400004|
182152900001|105640300004|
182152900001|116071600004|
182152900001|139996900004|
182152900001|129401000004|
182152900001|100758800004|
182152900001|103549100004|
182152900001|107528400004|
182152900001|100693200004|
182152900001|104153100004|
182152900001|141923700004|
182152900001|101900300004|
182152900001|135380600004|
182152900001|102686700004|
182152900001|135066900004|
182152900001|103789200004|
182152900001|123351400004|
182152900001|141594700004|
182152900001|107366500004|
182152900001|101853100004|
182152900001|107063200004|
182152900001|141342100004|
182152900001|137354600004|
182152900001|121595700004|
182152900001|105183600004|
182152900001|118955200004|
182152900001|101576100004|
182152900001|116614200004|
182152900001|100632200004|
182152900001|119959300004|
182152900001|142155900004|
182152900001|138097600004|
182152900001|101387300004|
182152900001|101928500004|
182152900001|113063900004|
182152900001|100918000004|
182152900001|132628000004|
182152900001|103676600004|
182152900001|101383900004|
182152900001|139025600004|
182152900001|105011700004|
182152900001|106374900004|
182152900001|104839300004|
182152900001|105432800004|
182152900001|142676500004|
182152900001|134598200004|
182152900001|104788600004|
182152900001|118614700004|
182152900001|115719600004|
182152900001|132624800004|
182152900001|100070800004|
182152900001|137392300004|
182152900001|102432500004|
182152900001|100882700004|
182152900001|101002800004|
182152900001|119047100004|
182152900001|139726200004|
182152900001|129437500004|
182152900001|139239400004|
182152900001|101634500004|
182152900001|100704900004|
182152900001|107477000004|
182152900001|140060100004|
182152900001|104151900004|
182152900001|100972600004|
182152900001|142686100004|
182152900001|110913200004|
182152900001|142298300004|
182152900001|104048700004|
182152900001|110534500004|
182152900001|100081100004|
182152900001|101311800004|
182152900001|104942200004|
182152900001|125380500004|
182152900001|116067800004|
182152900001|135979700004|
182152900001|126185900004|
182152900001|104975300004|
182152900001|184028500004|
182152900001|102861300004|
182152900001|103194100004|
182152900001|101157500004|
182152900001|105168400004|
182152900001|102173000004|
182152900001|116211000004|
182152900001|105158000004|
182152900001|142291400004|
182152900001|134514500004|
182152900001|123050600004|
182152900001|130462300004|
182152900001|107518700004|
182152900001|109045200004|
182152900001|116358300004|
182152900001|136591100004|
182152900001|127813000004|
182152900001|111080200004|
182152900001|111950400004|
182152900001|116865300004|
182152900001|184738900004|
182152900001|140635400004|
182152900001|104973100004|
182152900001|101990200004|
182152900001|100729100004|
182152900001|134849800004|
182152900001|118298900004|
182152900001|139903800004|
182152900001|132402000004|
182152900001|106053900004|
182152900001|121814300004|
182152900001|104846100004|
182152900001|141107900004|
182152900001|104063100004|
182152900001|136908600004|
182152900001|134500500004|
182152900001|102565600004|
182152900001|106434100004|
182152900001|105477100004|
182152900001|103888200004|
182152900001|135773600004|
182152900001|181352700004|
182152900001|102039300004|
182152900001|136965200004|
182152900001|122416300004|
182152900001|141696400004|
182152900001|110128500004|
182152900001|100262000004|
182152900001|104137700004|
182152900001|142291600004|
182152900001|141848600004|
182152900001|122584300004|
182152900001|119749100004|
182152900001|139304300004|
182152900001|101584300004|
182152900001|100825300004|
182152900001|117960100004|
182152900001|139781700004|
182152900001|140225800004|
182152900001|100017400022|
182152900001|132479800004|
182152900001|135987400004|
182152900001|132128700004|
182152900001|102855900004|
182152900001|104457000004|
182152900001|103520200004|
182152900001|100861900004|
182152900001|180575000004|
182152900001|103640200004|
182152900001|104647900004|
182152900001|100329300004|
182152900001|133193300004|
182152900001|104486900004|
182152900001|102169000004|
182152900001|180340600004|
182152900001|142712200004|
182152900001|116120300004|
182152900001|100976700004|
182152900001|103337300004|
182152900001|110803200004|
182152900001|130765400004|
182152900001|107349500004|
182152900001|132094200004|
182152900001|112949100004|
182152900001|125112300004|
182152900001|137512100004|
182152900001|141189000004|
182152900001|104666800004|
182152900001|101790800004|
182152900001|110968200004|
182152900001|102954700004|
182152900001|115128900004|
182152900001|126773700004|
182152900001|102857000004|
182152900001|105186200004|
182152900001|112324200004|
182152900001|104656400004|
182152900001|181265700004|
182152900001|104064100004|
182152900001|102876100004|
182152900001|105925200004|
182152900001|127960900004|
182152900001|180051500004|
182152900001|132639100004|
182152900001|105872100004|
182152900001|142692000004|
182152900001|111058000004|
182152900001|131478100004|
182152900001|124777800004|
182152900001|104174300004|
182152900001|135565500004|
182152900001|128290700004|
182152900001|180550900004|
182152900001|142713000004|
182152900001|120041000004|
182152900001|139629800004|
182152900001|136231700004|
182152900001|103042200004|
182152900001|100541800004|
182152900001|139929900004|
182152900001|106467000004|
182152900001|180765100004|
182152900001|103529900004|
182152900001|141221700004|
182152900001|129148600004|
182152900001|100205100004|
182152900001|134831400004|
182152900001|180533000004|
182152900001|101420700004|
182152900001|102722100004|
182152900001|106801700004|
182152900001|134495300004|
182152900001|134873700004|
182152900001|101017800004|
182152900001|139924000004|
182152900001|139504000004|
182152900001|135215000004|
182152900001|135739600004|
182152900001|136879900004|
182152900001|101269300004|
182152900001|116490600004|
182152900001|105062100004|
182152900001|104665600004|
182152900001|180575800004|
182152900001|103027600004|
182152900001|141743800004|
182152900001|101245000004|
182152900001|142263300004|
182152900001|106706900004|
182152900001|135381800004|
182152900001|180257400004|
182152900001|109249200004|
182152900001|142155200004|
182152900001|100758400004|
182152900001|103641200004|
182152900001|110127200004|
182152900001|183531600004|
182152900001|102158800004|
182152900001|132251100004|
182152900001|101128300004|
182152900001|124854200004|
182152900001|107553800004|
182152900001|115104100004|
182152900001|108945800004|
182152900001|101084000004|
182152900001|100035900017|
182152900001|103647000004|
182152900001|140232500004|
182152900001|137103200004|
182152900001|105612900004|
182152900001|132678100004|
182152900001|111333000004|
182152900001|100018800008|
182152900001|106203100004|
182152900001|120395300004|
182152900001|104697400004|
182152900001|104337700004|
182152900001|105825700004|
182152900001|103209900004|
182152900001|138564100004|
182152900001|100242400004|
182152900001|105834700004|
182152900001|180597600004|
182152900001|100055100004|
182152900001|101722500004|
182152900001|103833000004|
182152900001|135152500004|
182152900001|140381400004|
182152900001|128614800004|
182152900001|112923600004|
182152900001|102992700004|
182152900001|135039000004|
182152900001|137233700004|
182152900001|132673400004|
182152900001|101230800004|
182152900001|135774100004|
182152900001|100264000004|
182152900001|142048400004|
182152900001|101973600004|
182152900001|105527200004|
182152900001|117032800004|
182152900001|139197900004|
182152900001|104127300004|
182152900001|104133600004|
182152900001|182157100004|
182152900001|141203900004|
182152900001|101449000004|
182152900001|134325100004|
182152900001|139727000004|
182152900001|103606800004|
182152900001|100018800009|
182152900001|105525100004|
182152900001|100773900004|
182152900001|128744400004|
182152900001|134507400004|
182152900001|111874300004|
182152900001|136405800004|
182152900001|136132800004|
182152900001|102567600004|
182152900001|135792200004|
182152900001|117452400004|
182152900001|100526200004|
182152900001|135065500004|
182152900001|138568600004|
182152900001|128500700004|
182152900001|111540000004|
182152900001|114267000004|
182152900001|103490400004|
182152900001|106215300004|
182152900001|120745000004|
182152900001|112111000004|
182152900001|142678300004|
182152900001|118260000004|
182152900001|100359200004|
182152900001|104174800004|
182152900001|124031400004|
182152900001|102192100004|
182152900001|135525800004|
182152900001|107169000004|
182152900001|128438200004|
182152900001|110774700004|
182152900001|134184800004|
182152900001|110530400004|
182152900001|111193300004|
182152900001|100563500004|
182152900001|101229200004|
182152900001|104835300004|
182152900001|129725600004|
182152900001|106975500004|
182152900001|106004900004|
182152900001|115009900004|
182152900001|142706500004|
182152900001|136765200004|
182152900001|132241300004|
182152900001|114977600004|
182152900001|105343700004|
182152900001|125056300004|
182152900001|134846100004|
182152900001|182787100004|
182152900001|106824600004|
182152900001|105230600004|
182152900001|142712800004|
182152900001|139571100004|
182152900001|132172200004|
182152900001|125134000004|
182152900001|140862200004|
182152900001|115702400004|
182152900001|137322100004|
182152900001|137419000004|
182152900001|103707200004|
182152900001|183550700004|
182152900001|103887100004|
182152900001|101003000004|
182152900001|102859600004|
182152900001|126620900004|
182152900001|104367800004|
182152900001|103649000004|
182152900001|119123500004|
182152900001|135826100004|
182152900001|103355400004|
182152900001|105965100004|
182152900001|140060700004|
182152900001|103846200004|
182152900001|107503500004|
182152900001|101027600004|
182152900001|139716900004|
182152900001|183856200004|
182152900001|105156900004|
182152900001|104207800004|
182152900001|139463400004|
182152900001|116070800004|
182152900001|104738600004|
182152900001|113954600004|
182152900001|103465400004|
182152900001|115134600004|
182152900001|136668900004|
182152900001|101565300004|
182152900001|100000300050|
182152900001|100000300024|
182152900001|135834200004|
182152900001|104972600004|
182152900001|134198200004|
182152900001|101665200004|
182152900001|112074900004|
182152900001|141948500004|
182152900001|183680600004|
182152900001|130599200004|
182152900001|109274000004|
182152900001|117370200004|
182152900001|111110300004|
182152900001|112493000004|
182152900001|102003000004|
182152900001|112650700004|
182152900001|139201000004|
182152900001|137818400004|
182152900001|140223500004|
182152900001|110716300004|
182152900001|100849800004|
182152900001|139739900004|
182152900001|122425800004|
182152900001|139816700004|
182152900001|130872900004|
182152900001|103614700004|
182152900001|130538300004|
182152900001|139598400004|
182152900001|101126300004|
182152900001|132690300004|
182152900001|134249000004|
182152900001|111988100004|
182152900001|108867100004|
182152900001|182758400004|
182152900001|131795000004|
182152900001|105430700004|
182152900001|132788600004|
182152900001|120993800004|
182152900001|118089500004|
182152900001|139639900004|
182152900001|139840900004|
182152900001|129618300004|
182152900001|137414300004|
182152900001|128291400004|
182152900001|106949100004|
182152900001|104403800004|
182152900001|128779200004|
182152900001|101839200004|
182152900001|180166700004|
182152900001|102707600004|
182152900001|134058100004|
182152900001|103667300004|
182152900001|112213100004|
182152900001|103510200004|
182152900001|106985300004|
182152900001|103295600004|
182152900001|133079400004|
182152900001|101133000004|
182152900001|133885800004|
182152900001|107504300004|
182152900001|110755900004|
182152900001|134605000004|
182152900001|132734900004|
182152900001|133332900004|
182152900001|111208300004|
182152900001|111310200004|
182152900001|102255800004|
182152900001|135280000004|
182152900001|142588700004|
182152900001|120694100004|
182152900001|106439800004|
182152900001|117398600004|
182152900001|102693200004|
182152900001|132398100004|
182152900001|101901900004|
182152900001|104447900004|
182152900001|130652600004|
182152900001|101312600004|
182152900001|100075300004|
182152900001|103640900004|
182152900001|102435000004|
182152900001|116021100004|
182152900001|134772500004|
182152900001|103834400004|
182152900001|118566200004|
182152900001|100815900004|
182152900001|103958300004|
182152900001|103304200004|
182152900001|106609900004|
182152900001|105742700004|
182152900001|141741400004|
182152900001|103081900004|
182152900001|139656300004|
182152900001|125521300004|
182152900001|122697900004|
182152900001|111985300004|
182152900001|114002600004|
182152900001|104212600004|
182152900001|135369000004|
182152900001|131818700004|
182152900001|111266800004|
182152900001|129178500004|
182152900001|111118600004|
182152900001|129406200004|
182152900001|102535400004|
182152900001|134409600004|
182152900001|105530700004|
182152900001|104062600004|
182152900001|118170600004|
182152900001|130955200004|
182152900001|102441500004|
182152900001|112003400004|
182152900001|125672600004|
182152900001|117685500004|
182152900001|133119900004|
182152900001|142664300004|
182152900001|112402900004|
182152900001|100026600006|
182152900001|132161500004|
182152900001|140775300004|
182152900001|123206800004|
182152900001|102988400004|
182152900001|116577100004|
182152900001|134765600004|
182152900001|126597600004|
182152900001|102085600004|
182152900001|101321800004|
182152900001|116454200004|
182152900001|116078300004|
182152900001|101467800004|
182152900001|103596200004|
182152900001|104601500004|
182152900001|142007400004|
182152900001|124602100004|
182152900001|134784300004|
182152900001|121886300004|
182152900001|136074400004|
182152900001|132733700004|
182152900001|130252600004|
182152900001|122944900004|
182152900001|136948400004|
182152900001|137668900004|
182152900001|104548500004|
182152900001|134204900004|
182152900001|112772600004|
182152900001|103212800004|
182152900001|115864800004|
182152900001|117959600004|
182152900001|101507700004|
182152900001|134550600004|
182152900001|142707300004|
182152900001|131594700004|
182152900001|100559100004|
182152900001|104413000004|
182152900001|110698100004|
182152900001|136398000004|
182152900001|102213700004|
182152900001|112796300004|
182152900001|126531000004|
182152900001|111972700004|
182152900001|135871300004|
182152900001|113927300004|
182152900001|101849500004|
182152900001|135948200004|
182152900001|117681700004|
182152900001|126551800004|
182152900001|112167800004|
182152900001|102146800004|
182152900001|126131000004|
182152900001|135240900004|
182152900001|109548700004|
182152900001|126735000004|
182152900001|102055900004|
182152900001|100884200004|
182152900001|102654500004|
182152900001|104651200004|
182152900001|181382500004|
182152900001|100565600004|
182152900001|135578300004|
182152900001|128974300004|
182152900001|181265300004|
182152900001|140031800004|
182152900001|135361800004|
182152900001|112545100004|
182152900001|139731100004|
182152900001|134357000004|
182152900001|139273100004|
182152900001|112106100004|
182152900001|115615200004|
182152900001|101555600004|
182152900001|100976100004|
182152900001|139581100004|
182152900001|141336100004|
182152900001|138569900004|
182152900001|100334800004|
182152900001|122646800004|
182152900001|129215200004|
182152900001|129393000004|
182152900001|122667700004|
182152900001|132027200004|
182152900001|113811900004|
182152900001|122591900004|
182152900001|105254400004|
182152900001|133229600004|
182152900001|101344100004|
182152900001|103438200004|
182152900001|105432100004|
182152900001|104639200004|
182152900001|128359600004|
182152900001|136768400004|
182152900001|139714300004|
182152900001|117176900004|
182152900001|114276300004|
182152900001|104048600004|
182152900001|132893700004|
182152900001|132581500004|
182152900001|100032400634|
182152900001|110639200004|
182152900001|111758700004|
182152900001|135532500004|
182152900001|133276700004|
182152900001|106257700004|
182152900001|107577500004|
182152900001|104450000004|
182152900001|116134000004|
182152900001|106861600004|
182152900001|100580100004|
182152900001|126721200004|
182152900001|142525500004|
182152900001|180771700004|
182152900001|102106900004|
182152900001|107291100004|
182152900001|135569000004|
182152900001|107608200004|
182152900001|140546300004|
182152900001|138335300004|
182152900001|120189800004|
182152900001|107303600004|
182152900001|141501000004|
182152900001|126924200004|
182152900001|124941600004|
182152900001|182350600004|
182152900001|180537700004|
182152900001|119896100004|
182152900001|105159300004|
182152900001|110738900004|
182152900001|109133000004|
182152900001|116578900004|
182152900001|111594300004|
182152900001|123588900004|
182152900001|111772500004|
182152900001|135376900004|
182152900001|135147900004|
182152900001|103636300004|
182152900001|119030400004|
182152900001|107258600004|
182152900001|111759800004|
182152900001|102401100004|
182152900001|119807500004|
182152900001|123488800004|
182152900001|101376800004|
182152900001|112187400004|
182152900001|137193800004|
182152900001|136079300004|
182152900001|141722000004|
182152900001|125398600004|
182152900001|142662500004|
182152900001|119825900004|
182152900001|132483000004|
182152900001|130119300004|
182152900001|100017400020|
182152900001|124470700004|
182152900001|136882500004|
182152900001|136854200004|
182152900001|109146600004|
182152900001|123723900004|
182152900001|142426900004|
182152900001|110871800004|
182152900001|102391100004|
182152900001|134106900004|
182152900001|142645300004|
182152900001|132515800004|
182152900001|100986000004|
182152900001|119130100004|
182152900001|135610300004|
182152900001|104854200004|
182152900001|142090600004|
182152900001|104889600004|
182152900001|120188900004|
182152900001|134710500004|
182152900001|121995300004|
182152900001|128032400004|
182152900001|140443900004|
182152900001|141321700004|
182152900001|136152200004|
182152900001|130330000004|
182152900001|111336500004|
182152900001|112455000004|
182152900001|113866700004|
182152900001|106887300004|
182152900001|142007100004|
182152900001|112725000004|
182152900001|183965700004|
182152900001|125477200004|
182152900001|135881400004|
182152900001|135089500004|
182152900001|130791400004|
182152900001|100948600004|
182152900001|100032400371|
182152900001|139195700004|
182152900001|117700800004|
182152900001|135070900004|
182152900001|123786300004|
182152900001|102530700004|
182152900001|133449600004|
182152900001|142642800004|
182152900001|130598300004|
182152900001|182628000004|
182152900001|104743600004|
182152900001|136755700004|
182152900001|126243300004|
182152900001|139645600004|
182152900001|121281600004|
182152900001|105439000004|
182152900001|141747800004|
182152900001|125355400004|
182152900001|140918100004|
182152900001|102002200004|
182152900001|133290500004|
182152900001|103353000004|
182152900001|105101600004|
182152900001|130619100004|
182152900001|111557200004|
182152900001|135583200004|
182152900001|138571100004|
182152900001|101984400004|
182152900001|107460900004|
182152900001|106263400004|
182152900001|117283600004|
182152900001|129263800004|
182152900001|107290300004|
182152900001|134151800004|
182152900001|110436400004|
182152900001|138341900004|
182152900001|114783400004|
182152900001|129210300004|
182152900001|123540100004|
182152900001|102679900004|
182152900001|105821200004|
182152900001|142289000004|
182152900001|139469100004|
182152900001|138070700004|
182152900001|135383900004|
182152900001|106719000004|
182152900001|131045300004|
182152900001|126041500004|
182152900001|117969100004|
182152900001|111301500004|
182152900001|142290700004|
182152900001|142205100004|
182152900001|107303900004|
182152900001|108817000004|
182152900001|142705300004|
182152900001|102304500004|
182152900001|134763300004|
182152900001|135441700004|
182152900001|127908700004|
182152900001|100622700004|
182152900001|109475400004|
182152900001|100584100004|
182152900001|112098700004|
182152900001|141743600004|
182152900001|105912000004|
182152900001|111069800004|
182152900001|141973400004|
182152900001|110961900004|
182152900001|128559200004|
182152900001|128123500004|
182152900001|116514200004|
182152900001|117220700004|
182152900001|129155700004|
182152900001|134880500004|
182152900001|100000300022|
182152900001|102436800004|
182152900001|142314000004|
182152900001|103643700004|
182152900001|106598700004|
182152900001|129384300004|
182152900001|136641500004|
182152900001|109728700004|
182152900001|139771700004|
182152900001|105440300004|
182152900001|107369400004|
182152900001|112697600004|
182152900001|110413600004|
182152900001|128228400004|
182152900001|100675800004|
182152900001|182606200004|
182152900001|104413800004|
182152900001|142444600004|
182152900001|102346600004|
182152900001|129452600004|
182152900001|135237400004|
182152900001|105312200004|
182152900001|102031500004|
182152900001|123193900004|
182152900001|102178500004|
182152900001|112442500004|
182152900001|117787800004|
182152900001|137389800004|
182152900001|122248400004|
182152900001|135180200004|
182152900001|134419000004|
182152900001|112119000004|
182152900001|103275100004|
182152900001|130513900004|
182152900001|112059400004|
182152900001|135311400004|
182152900001|105093800004|
182152900001|111556800004|
182152900001|137489600004|
182152900001|101524500004|
182152900001|135183300004|
182152900001|103341500004|
182152900001|119891000004|
182152900001|103543100004|
182152900001|100472400004|
182152900001|118058100004|
182152900001|124209500004|
182152900001|101814400004|
182152900001|131265000004|
182152900001|135751100004|
182152900001|137670200004|
182152900001|124592900004|
182152900001|105955600004|
182152900001|134368600004|
182152900001|105923300004|
182152900001|127968400004|
182152900001|113813000004|
182152900001|180242200004|
182152900001|130260300004|
182152900001|134205400004|
182152900001|111222400004|
182152900001|123895900004|
182152900001|180582900004|
182152900001|103046000004|
182152900001|137131600004|
182152900001|103452200004|
182152900001|134216800004|
182152900001|117159700004|
182152900001|138349400004|
182152900001|118173400004|
182152900001|139541300004|
182152900001|180405700004|
182152900001|141723100004|
182152900001|117866700004|
182152900001|110539600004|
182152900001|103575400004|
182152900001|180743700005|
182152900001|105605800004|
182152900001|104032000004|
182152900001|100776500004|
182152900001|142093100004|
182152900001|104937300004|
182152900001|126594100004|
182152900001|135928800004|
182152900001|103928200004|
182152900001|106809000004|
182152900001|133316700004|
182152900001|122322200004|
182152900001|141562000004|
182152900001|105519400004|
182152900001|132977300004|
182152900001|142711400004|
182152900001|130698300004|
182152900001|140559800004|
182152900001|128128300004|
182152900001|137310800004|
182152900001|104105700004|
182152900001|138126900004|
182152900001|181320200004|
182152900001|180743300004|
182152900001|142717900004|
182152900001|101786100004|
182152900001|111531200004|
182152900001|133490100004|
182152900001|135219500004|
182152900001|110315800004|
182152900001|142691900004|
182152900001|105617100004|
182152900001|139625900004|
182152900001|102055300004|
182152900001|140060500004|
182152900001|105070600004|
182152900001|107387500004|
182152900001|105146000004|
182152900001|110873500004|
182152900001|181320400004|
182152900001|142649900004|
182152900001|105519800004|
182152900001|111790300004|
182152900001|131712900004|
182152900001|105322200004|
182152900001|106808000004|
182152900001|141695000004|
182152900001|110414000004|
182152900001|113447200004|
182152900001|101608300004|
182152900001|126631300004|
182152900001|114570100004|
182152900001|140571600004|
182152900001|112516500004|
182152900001|113868900004|
182152900001|139725100004|
182152900001|113513800004|
182152900001|112625500004|
182152900001|112171200004|
182152900001|129937300004|
182152900001|103541400004|
182152900001|137667200004|
182152900001|139200500004|
182152900001|181250500004|
182152900001|109894400004|
182152900001|142198300004|
182152900001|107615200004|
182152900001|102535000004|
182152900001|101409600004|
182152900001|101790700004|
182152900001|132060900004|
182152900001|101741600004|
182152900001|139128700004|
182152900001|100624900004|
182152900001|111211200004|
182152900001|102381200004|
182152900001|102845600004|
182152900001|103742100004|
182152900001|127153800004|
182152900001|124521500004|
182152900001|117155800004|
182152900001|139447500004|
182152900001|142706700004|
182152900001|104303900004|
182152900001|103093300004|
182152900001|107366900004|
182152900001|111059100004|
182152900001|140789300004|
182152900001|123405000004|
182152900001|105096400004|
182152900001|100946700004|
182152900001|135613900004|
182152900001|124241100004|
182152900001|130319000004|
182152900001|180113200004|
182152900001|132237000004|
182152900001|117686800004|
182152900001|142339700004|
182152900001|103490000004|
182152900001|134532600004|
182152900001|132554700004|
182152900001|139563200004|
182152900001|136432000004|
182152900001|119840300004|
182152900001|142240100004|
182152900001|109132600004|
182152900001|100472900004|
182152900001|117762000004|
182152900001|104834500004|
182152900001|104931400004|
182152900001|141318200004|
182152900001|104123700004|
182152900001|101414300004|
182152900001|103192400004|
182152900001|132788300004|
182152900001|111987300004|
182152900001|116265500004|
182152900001|100165900004|
182152900001|100334100004|
182152900001|104087300004|
182152900001|129301400004|
182152900001|180016900004|
182152900001|102311700004|
182152900001|140184300004|
182152900001|141553200004|
182152900001|142086700004|
182152900001|100032400025|
182152900001|139986200004|
182152900001|128455100004|
182152900001|104692200004|
182152900001|136191700004|
182152900001|100272400004|
182152900001|120794000004|
182152900001|142655300004|
182152900001|137197300004|
182152900001|139461300004|
182152900001|116476500004|
182152900001|131570500004|
182152900001|105451400004|
182152900001|111993800004|
182152900001|103773200004|
182152900001|130842000004|
182152900001|140373600004|
182152900001|130786900004|
182152900001|137098100004|
182152900001|131601200004|
182152900001|100056200055|
182152900001|133328800004|
182152900001|102099300004|
182152900001|139325300004|
182152900001|100833300004|
182152900001|117407200004|
182152900001|100245700004|
182152900001|100017800058|
182152900001|119150500004|
182152900001|103837300004|
182152900001|110758400004|
182152900001|100274300004|
182152900001|123831800004|
182152900001|116284100004|
182152900001|182582500004|
182152900001|102769600004|
182152900001|134612800004|
182152900001|103958100004|
182152900001|141628300004|
182152900001|141812900004|
182152900001|142722300004|
182152900001|102724900004|
182152900001|101104900004|
182152900001|134445000004|
182152900001|103919600004|
182152900001|117453200004|
182152900001|108829900004|
182152900001|130794100004|
182152900001|125115200004|
182152900001|114178000004|
182152900001|127064100004|
182152900001|141431900004|
182152900001|101146100004|
182152900001|126007800004|
182152900001|114254900004|
182152900001|137882700004|
182152900001|101054700004|
182152900001|139184300004|
182152900001|100041100015|
182152900001|180751300004|
182152900001|105487600004|
182152900001|122359300004|
182152900001|142497000004|
182152900001|100484600004|
182152900001|102831000004|
182152900001|123854100004|
182152900001|106287400004|
182152900001|104654500004|
182152900001|111497800004|
182152900001|140152800004|
182152900001|137031500004|
182152900001|133481300004|
182152900001|139264000004|
182152900001|104140500004|
182152900001|142063300004|
182152900001|139555700004|
182152900001|180518500004|
182152900001|137570700004|
182152900001|117439100004|
182152900001|137730800004|
182152900001|141556900004|
182152900001|130730200004|
182152900001|103380400004|
182152900001|112176200004|
182152900001|127660800004|
182152900001|132086200004|
182152900001|133431900004|
182152900001|140041500004|
182152900001|116562900004|
182152900001|112213400004|
182152900001|112696700004|
182152900001|102751500004|
182152900001|126334000004|
182152900001|135132100004|
182152900001|100978200004|
182152900001|139405100004|
182152900001|106788500004|
182152900001|141310200004|
182152900001|183508700004|
182152900001|105081200004|
182152900001|130691400004|
182152900001|142648100004|
182152900001|134949900004|
182152900001|137476700004|
182152900001|102276300004|
182152900001|141741700004|
182152900001|129836100004|
182152900001|135940000004|
182152900001|138423200004|
182152900001|102109700004|
182152900001|129933100004|
182152900001|126153600004|
182152900001|103931500004|
182152900001|101562700004|
182152900001|116645100004|
182152900001|100031500099|
182152900001|142691000004|
182152900001|105284800004|
182152900001|131896000004|
182152900001|103460700004|
182152900001|102178600004|
182152900001|105768800004|
182152900001|103918200004|
182152900001|141326400004|
182152900001|103992100004|
182152900001|142194000004|
182152900001|129228200004|
182152900001|133355000004|
182152900001|105198200004|
182152900001|126156500004|
182152900001|139705600004|
182152900001|100022400089|
182152900001|101607500004|
182152900001|139189400004|
182152900001|136536600004|
182152900001|115131000004|
182152900001|105680400004|
182152900001|137531500004|
182152900001|131582400004|
182152900001|102293700004|
182152900001|103953000004|
182152900001|133501000004|
182152900001|139341600004|
182152900001|134740200004|
182152900001|136749200004|
182152900001|133795300004|
182152900001|106223700004|
182152900001|131049700004|
182152900001|105968200004|
182152900001|137798800004|
182152900001|100395200004|
182152900001|134548500004|
182152900001|135476200004|
182152900001|107159300004|
182152900001|102904800004|
182152900001|140151300004|
182152900001|140107200004|
182152900001|125905100004|
182152900001|103998900004|
182152900001|136568700004|
182152900001|110981100004|
182152900001|103388300004|
182152900001|111484200004|
182152900001|105845500004|
182152900001|142700000004|
182152900001|134191000004|
182152900001|106092100004|
182152900001|111738200004|
182152900001|119154700004|
182152900001|122735100004|
182152900001|181268900004|
182152900001|133044000004|
182152900001|104498100004|
182152900001|120399200004|
182152900001|123374500004|
182152900001|119218800004|
182152900001|111165700004|
182152900001|142019500004|
182152900001|124883200004|
182152900001|111823300004|
182152900001|115721200004|
182152900001|102833300004|
182152900001|122663900004|
182152900001|106410000004|
182152900001|106994800004|
182152900001|106578000004|
182152900001|117367400004|
182152900001|109730700004|
182152900001|124832700004|
182152900001|112514100004|
182152900001|134168100004|
182152900001|116175000004|
182152900001|141936900004|
182152900001|130987000004|
182152900001|107192500004|
182152900001|184737800004|
182152900001|125228300004|
182152900001|136665700004|
182152900001|129078200004|
182152900001|104519400004|
182152900001|119165500004|
182152900001|103148700004|
182152900001|102558900004|
182152900001|139060800004|
182152900001|128310000004|
182152900001|105435500004|
182152900001|101418400004|
182152900001|115142600004|
182152900001|100049200045|
182152900001|102697100004|
182152900001|120221600004|
182152900001|117510700004|
182152900001|139595400004|
182152900001|139288400004|
182152900001|135068300004|
182152900001|135113300004|
182152900001|140179500004|
182152900001|102146300004|
182152900001|117707300004|
182152900001|103965000004|
182152900001|111959600004|
182152900001|101109800004|
182152900001|131622800004|
182152900001|118805600004|
182152900001|134117400004|
182152900001|102195700004|
182152900001|100053400023|
182152900001|141463700004|
182152900001|105202100004|
182152900001|101628300004|
182152900001|104516400004|
182152900001|117442300004|
182152900001|102237200004|
182152900001|119396200004|
182152900001|103372500004|
182152900001|100490500004|
182152900001|135699300004|
182152900001|100022400138|
182152900001|135321700004|
182152900001|120379500004|
182152900001|134665000004|
182152900001|129613900004|
182152900001|132004300004|
182152900001|100017400017|
182152900001|121784200004|
182152900001|114518800004|
182152900001|139137100004|
182152900001|104223100004|
182152900001|104554400004|
182152900001|102258400004|
182152900001|102192700004|
182152900001|100063500018|
182152900001|141132800004|
182152900001|139104400004|
182152900001|183620100004|
182152900001|131002100004|
182152900001|118563800004|
182152900001|140552000004|
182152900001|180164900004|
182152900001|116262500004|
182152900001|137846400004|
182152900001|104775800004|
182152900001|101716400004|
182152900001|105488200004|
182152900001|142357900004|
182152900001|103905300004|
182152900001|132295400004|
182152900001|139181300004|
182152900001|110941800004|
182152900001|121661700004|
182152900001|112572700004|
182152900001|111444600004|
182152900001|115613800004|
182152900001|120473200004|
182152900001|107917100004|
182152900001|134081900004|
182152900001|134448400004|
182152900001|183073400004|
182152900001|103970300004|
182152900001|106649700004|
182152900001|133199800004|
182152900001|102432100004|
182152900001|137591800004|
182152900001|111157900004|
182152900001|134553800004|
182152900001|130079100004|
182152900001|109366700004|
182152900001|142046100004|
182152900001|139219500004|
182152900001|130769800004|
182152900001|139787400004|
182152900001|119622500004|
182152900001|135880700004|
182152900001|142371900004|
182152900001|112123000004|
182152900001|113766300004|
182152900001|104964000004|
182152900001|136808100004|
182152900001|111196300004|
182152900001|129074800004|
182152900001|142689900004|
182152900001|142318300004|
182152900001|142331900004|
182152900001|139957400004|
182152900001|119958900004|
182152900001|121826200004|
182152900001|130780100004|
182152900001|104235700004|
182152900001|132253900004|
182152900001|104916500004|
182152900001|103061400004|
182152900001|122567600004|
182152900001|181264100004|
182152900001|106088400004|
182152900001|100063500019|
182152900001|138547400004|
182152900001|100512900004|
182152900001|109167200004|
182152900001|130165300004|
182152900001|124885300004|
182152900001|100063500021|
182152900001|103951300004|
182152900001|139259200004|
182152900001|112082500004|
182152900001|104931600004|
182152900001|103037400004|
182152900001|103694600004|
182152900001|138914700004|
182152900001|104657700004|
182152900001|107223500004|
182152900001|102631400004|
182152900001|137537400004|
182152900001|103889000004|
182152900001|123219400004|
182152900001|142076700004|
182152900001|119256200004|
182152900001|124817900004|
182152900001|126103900004|
182152900001|102953300004|
182152900001|100017600034|
182152900001|100063500007|
182152900001|100017600014|
182152900001|180499000004|
182152900001|100050700612|
182152900001|183719000004|
182152900001|142716800004|
182152900001|104049100004|
182152900001|102326000004|
182152900001|100018800010|
182152900001|103920600004|
182152900001|111917000004|
182152900001|100017500005|
182152900001|100056200042|
182152900001|100305700004|
182152900001|105038500004|
182152900001|141379100004|
182152900001|139650000004|
182152900001|100056200063|
182152900001|120160400004|
182152900001|118646300004|
182152900001|100587600004|
182152900001|110799800004|
182152900001|102619300004|
182152900001|105642000004|
182152900001|100366200004|
182152900001|104949400004|
182152900001|103995800004|
182152900001|139184700004|
182152900001|139337600004|
182152900001|126815500004|
182152900001|111940400004|
182152900001|136305600004|
182152900001|141271700004|
182152900001|101874700004|
182152900001|100279300004|
182152900001|102956800004|
182152900001|103763300004|
182152900001|122629600004|
182152900001|115786100004|
182152900001|124231200004|
182152900001|100165800004|
182152900001|134130300004|
182152900001|115719200004|
182152900001|100255600004|
182152900001|142643500004|
182152900001|139284200004|
182152900001|120477800004|
182152900001|112321200004|
182152900001|104566100004|
182152900001|100010800008|
182152900001|136761100004|
182152900001|117517100004|
182152900001|106427200004|
182152900001|105631800004|
182152900001|182727500004|
182152900001|103812700004|
182152900001|103721800004|
182152900001|136230600004|
182152900001|114900900004|
182152900001|135678700004|
182152900001|133725600004|
182152900001|106006000004|
182152900001|106316700004|
182152900001|140401700004|
182152900001|134610800004|
182152900001|136277400004|
182152900001|128042800004|
182152900001|100032600015|
182152900001|104246600004|
182152900001|139777900004|
182152900001|115915000004|
182152900001|104256500004|
182152900001|100014700060|
182152900001|103645200004|
182152900001|134153900004|
182152900001|101994300004|
182152900001|103642900004|
182152900001|139384700004|
182152900001|101369400004|
182152900001|104157300004|
182152900001|137073200004|
182152900001|101137200004|
182152900001|100060800018|
182152900001|101937700004|
182152900001|129922800004|
182152900001|102638000004|
182152900001|134251800004|
182152900001|130130300004|
182152900001|135000500004|
182152900001|134768300004|
182152900001|104068100004|
182152900001|126708200004|
182152900001|104138000004|
182152900001|116462300004|
182152900001|115951300004|
182152900001|135231100004|
182152900001|100761900004|
182152900001|142655700004|
182152900001|119279300004|
182152900001|100291200004|
182152900001|136004200004|
182152900001|134924700004|
182152900001|114223600004|
182152900001|124515900004|
182152900001|103816300004|
182152900001|112138500004|
182152900001|181199800004|
182152900001|101553800004|
182152900001|102663400004|
182152900001|133433400004|
182152900001|115035800004|
182152900001|136346800004|
182152900001|106361800004|
182152900001|100017600015|
182152900001|125380700004|
182152900001|101876300004|
182152900001|132937700004|
182152900001|128648300004|
182152900001|104841200004|
182152900001|181330200004|
182152900001|136135800004|
182152900001|114719400004|
182152900001|129918700004|
182152900001|139946400004|
182152900001|103657100004|
182152900001|135842000004|
182152900001|137322700004|
182152900001|105605100004|
182152900001|139532300004|
182152900001|105028300004|
182152900001|102893000004|
182152900001|106655900004|
182152900001|124610700004|
182152900001|136336200004|
182152900001|136396100004|
182152900001|139909600004|
182152900001|128921600004|
182152900001|131513700004|
182152900001|120097400004|
182152900001|127908100004|
182152900001|104345700004|
182152900001|100338200004|
182152900001|124965400004|
182152900001|129503100004|
182152900001|135687800004|
182152900001|130433100004|
182152900001|142085200004|
182152900001|102704200004|
182152900001|100965100004|
182152900001|128001500004|
182152900001|100348100004|
182152900001|111873900004|
182152900001|104618600004|
182152900001|129613400004|
182152900001|104675200004|
182152900001|135510200004|
182152900001|137419500004|
182152900001|100428300004|
182152900001|139987000004|
182152900001|183792900004|
182152900001|134042200004|
182152900001|142454000004|
182152900001|142664400004|
182152900001|100963900004|
182152900001|100000300035|
182152900001|106374100004|
182152900001|101630100004|
182152900001|114044000004|
182152900001|141998600004|
182152900001|101098000004|
182152900001|103960300004|
182152900001|101855200004|
182152900001|107042400004|
182152900001|122851700004|
182152900001|116917800004|
182152900001|100055100011|
182152900001|105937200004|
182152900001|100053400030|
182152900001|103762400004|
182152900001|102814500004|
182152900001|105811500004|
182152900001|135719800004|
182152900001|101784100004|
182152900001|115619100004|
182152900001|100028900020|
182152900001|100028900016|
182152900001|100063500028|
182152900001|100063500026|
182152900001|139663600004|
182152900001|115116200004|
182152900001|104296600004|
182152900001|122156300004|
182152900001|105869600004|
182152900001|102230100004|
182152900001|104628000004|
182152900001|100063500030|
182152900001|102554200004|
182152900001|100063500004|
182152900001|125466300004|
182152900001|103544700004|
182152900001|124442000004|
182152900001|130407000004|
182152900001|110980200004|
182152900001|101653900004|
182152900001|117287700004|
182152900001|102192300004|
182152900001|103418500004|
182152900001|123607600004|
182152900001|106665500004|
182152900001|105486300004|
182152900001|134040500004|
182152900001|104091400004|
182152900001|134148300004|
182152900001|141406200004|
182152900001|104348800004|
182152900001|141600100004|
182152900001|139474600004|
182152900001|101488600004|
182152900001|101709800004|
182152900001|115106300004|
182152900001|132946200004|
182152900001|100018800006|
182152900001|100788000004|
182152900001|137220000004|
182152900001|100128000004|
182152900001|104986000004|
182152900001|134875900004|
182152900001|120245300004|
182152900001|131135300004|
182152900001|105464300004|
182152900001|102354000004|
182152900001|100017600016|
182152900001|105970800004|
182152900001|129379800004|
182152900001|102650100004|
182152900001|142688000004|
182152900001|100032800009|
182152900001|103469400004|
182152900001|100115100004|
182152900001|130721300004|
182152900001|134774900004|
182152900001|133004800004|
182152900001|130766200004|
182152900001|105074500004|
182152900001|180737300004|
182152900001|100026600017|
182152900001|105350200004|
182152900001|140151600004|
182152900001|137219300004|
182152900001|142675900004|
182152900001|112057100004|
182152900001|100317000004|
182152900001|181968200004|
182152900001|136346300004|
182152900001|100681400004|
182152900001|110690900004|
182152900001|105275100004|
182152900001|135787400004|
182152900001|101421200004|
182152900001|105446300004|
182152900001|136818000004|
182152900001|105691600004|
182152900001|104694300004|
182152900001|111318400004|
182152900001|130510800004|
182152900001|139446800004|
182152900001|129321700004|
182152900001|102397800004|
182152900001|100228800004|
182152900001|134836100004|
182152900001|111650800004|
182152900001|100046100037|
182152900001|102432600004|
182152900001|142337000004|
182152900001|103967600004|
182152900001|105928900004|
182152900001|180042700004|
182152900001|134629000004|
182152900001|115144700004|
182152900001|118765600004|
182152900001|142700400004|
182152900001|116821600004|
182152900001|125531100004|
182152900001|101422400004|
182152900001|135795700004|
182152900001|102793200004|
182152900001|101562600004|
182152900001|136548000004|
182152900001|104346400004|
182152900001|104370200004|
182152900001|101450900004|
182152900001|139192100004|
182152900001|103162300004|
182152900001|102939900004|
182152900001|110278300004|
182152900001|134986600004|
182152900001|110543600004|
182152900001|112476600004|
182152900001|107045500004|
182152900001|104842100004|
182152900001|126818500004|
182152900001|137895100004|
182152900001|112043200004|
182152900001|105019500004|
182152900001|139570600004|
182152900001|134750300004|
182152900001|102242500004|
182152900001|141902700004|
182152900001|141823300004|
182152900001|141317900004|
182152900001|102240300004|
182152900001|105663000004|
182152900001|140367700004|
182152900001|114239300004|
182152900001|100888900004|
182152900001|100909100004|
182152900001|141644500004|
182152900001|105043700004|
182152900001|130951700004|
182152900001|100384300004|
182152900001|104398800004|
182152900001|105915400004|
182152900001|107524100004|
182152900001|132832200004|
182152900001|102236700004|
182152900001|104052800004|
182152900001|133966900004|
182152900001|101656800004|
182152900001|111142800004|
182152900001|104277900004|
182152900001|136438800004|
182152900001|139801200004|
182152900001|129704400004|
182152900001|116080400004|
182152900001|110368900004|
182152900001|106574000004|
182152900001|140129700004|
182152900001|111192900004|
182152900001|134596300004|
182152900001|111609200004|
182152900001|138706300004|
182152900001|101530300004|
182152900001|123801000004|
182152900001|106650100004|
182152900001|182683100011|
182152900001|142639300004|
182152900001|136406100004|
182152900001|130765200004|
182152900001|103663400004|
182152900001|132060500004|
182152900001|104972500004|
182152900001|182891000004|
182152900001|101871300004|
182152900001|112481100004|
182152900001|100071400004|
182152900001|104935400004|
182152900001|134084900004|
182152900001|137360500004|
182152900001|103362000004|
182152900001|134695600004|
182152900001|135339400004|
182152900001|134752000004|
182152900001|112394100004|
182152900001|180358600004|
182152900001|180101600004|
182152900001|105260700004|
182152900001|100032400624|
182152900001|122161900004|
182152900001|103515600004|
182152900001|141266000004|
182152900001|100139700004|
182152900001|102913500004|
182152900001|104319400004|
182152900001|102124600004|
182152900001|137311300004|
182152900001|105999000004|
182152900001|141660600004|
182152900001|104218500004|
182152900001|103127700004|
182152900001|141325900004|
182152900001|182176200004|
182152900001|135578100004|
182152900001|181263600004|
182152900001|101356600004|
182152900001|103430500004|
182152900001|125001600004|
182152900001|102964200004|
182152900001|116455300004|
182152900001|142690000004|
182152900001|130876900004|
182152900001|101345100004|
182152900001|118442700004|
182152900001|102753700004|
182152900001|104323800004|
182152900001|183531400004|
182152900001|136505600004|
182152900001|133341300004|
182152900001|125015100004|
182152900001|133832800004|
182152900001|136617300004|
182152900001|111333600004|
182152900001|105555000004|
182152900001|182250700004|
182152900001|119723800004|
182152900001|119971500004|
182152900001|126614800004|
182152900001|140592700004|
182152900001|141033300004|
182152900001|141427800004|
182152900001|122627800004|
182152900001|100136400004|
182152900001|103126800004|
182152900001|112267000004|
182152900001|105240300004|
182152900001|141476400004|
182152900001|141567100004|
182152900001|110166300004|
182152900001|103575900004|
182152900001|182683100018|
182152900001|141419200004|
182152900001|100017000011|
182152900001|100357200004|
182152900001|134558600004|
182152900001|136847100004|
182152900001|141768600004|
182152900001|103203500004|
182152900001|102029800004|
182152900001|139247400004|
182152900001|110776500004|
182152900001|135477900004|
182152900001|104678700004|
182152900001|136510300004|
182152900001|100917200004|
182152900001|135910100004|
182152900001|135282000004|
182152900001|102226200004|
182152900001|100253200004|
182152900001|134889000004|
182152900001|134399600004|
182152900001|102155500004|
182152900001|142671900004|
182152900001|103913200004|
182152900001|141076800004|
182152900001|101606500004|
182152900001|103795500004|
182152900001|104560400004|
182152900001|100640300004|
182152900001|100017000006|
182152900001|110572100004|
182152900001|136874100004|
182152900001|141910600004|
182152900001|101162000004|
182152900001|182912000004|
182152900001|100017600027|
182152900001|128038700004|
182152900001|102741300004|
182152900001|142358300004|
182152900001|100032400467|
182152900001|104915100004|
182152900001|139970600004|
182152900001|122913000004|
182152900001|117200600004|
182152900001|141034900004|
182152900001|103176000004|
182152900001|104388400004|
182152900001|103546800004|
182152900001|180195500004|
182152900001|105947000004|
182152900001|100385800004|
182152900001|142357100004|
182152900001|122682300004|
182152900001|101334600004|
182152900001|109571500004|
182152900001|137675700004|
182152900001|184050100004|
182152900001|118917800004|
182152900001|182125800004|
182152900001|133853800004|
182152900001|105726700004|
182152900001|111213000004|
182152900001|100406100004|
182152900001|112494700004|
182152900001|104518900004|
182152900001|100846800004|
182152900001|100058600038|
182152900001|180884700029|
182152900001|100000200312|
182152900001|140163700004|
182152900001|103048300004|
182152900001|141887500004|
182152900001|100000200117|
182152900001|140603800004|
182152900001|180884700045|
182152900001|117538200004|
182152900001|180884700049|
182152900001|182746100004|
182152900001|135392600004|
182152900001|100032400388|
182152900001|100013300016|
182152900001|101340800004|
182152900001|105732700004|
182152900001|139777000004|
182152900001|183508500004|
182152900001|105863300004|
182152900001|136420900004|
182152900001|100000200302|
182152900001|100000300036|
182152900001|100000300037|
182152900001|100000300046|
182152900001|100000300049|
182152900001|100010800024|
182152900001|100011700104|
182152900001|100011700432|
182152900001|100011700644|
182152900001|100011700667|
182152900001|100013300006|
182152900001|100013300013|
182152900001|100013300023|
182152900001|100013300038|
182152900001|100013300045|
182152900001|100013300058|
182152900001|100013300062|
182152900001|100013300088|
182152900001|100013300093|
182152900001|100013300105|
182152900001|100014300012|
182152900001|100014300021|
182152900001|100014300024|
182152900001|100014300025|
182152900001|100014300026|
182152900001|100014300027|
182152900001|100014300031|
182152900001|100014300032|
182152900001|100014300033|
182152900001|100015300662|
182152900001|100017000004|
182152900001|100017400032|
182152900001|100017500008|
182152900001|100017600006|
182152900001|100017600012|
182152900001|100017600017|
182152900001|100017600020|
182152900001|100017600021|
182152900001|100017600026|
182152900001|100017600028|
182152900001|100017600029|
182152900001|100017600032|
182152900001|100017600036|
182152900001|100017600037|
182152900001|100017600038|
182152900001|100017600044|
182152900001|100017600046|
182152900001|100017600052|
182152900001|100017800005|
182152900001|100017800009|
182152900001|100017800030|
182152900001|100017800042|
182152900001|100018000069|
182152900001|100018800011|
182152900001|100018800012|
182152900001|100019300006|
182152900001|100019300020|
182152900001|100019300033|
182152900001|100020700015|
182152900001|100020700019|
182152900001|100020700024|
182152900001|100021200004|
182152900001|100021200010|
182152900001|100021400018|
182152900001|100021400019|
182152900001|100021400024|
182152900001|100022400047|
182152900001|100022400069|
182152900001|100022400127|
182152900001|100023500006|
182152900001|100023500007|
182152900001|100024400040|
182152900001|100024600015|
182152900001|100025800007|
182152900001|100025800033|
182152900001|100025800039|
182152900001|100025800064|
182152900001|100025800078|
182152900001|100025800096|
182152900001|100025800101|
182152900001|100026000004|
182152900001|100026300008|
182152900001|100026600016|
182152900001|100028900014|
182152900001|100028900015|
182152900001|100028900017|
182152900001|100028900019|
182152900001|100028900022|
182152900001|100028900023|
182152900001|100028900024|
182152900001|100028900025|
182152900001|100028900029|
182152900001|100028900030|
182152900001|100028900036|
182152900001|100029400022|
182152900001|100031500046|
182152900001|100031500083|
182152900001|100031500090|
182152900001|100031800026|
182152900001|100032400017|
182152900001|100032400020|
182152900001|100032400031|
182152900001|100032400058|
182152900001|100032400073|
182152900001|100032400087|
182152900001|100032400099|
182152900001|100032400107|
182152900001|100032400146|
182152900001|100032400182|
182152900001|100032400185|
182152900001|100032400233|
182152900001|100032400354|
182152900001|100032400358|
182152900001|100032400368|
182152900001|100032400378|
182152900001|100032400398|
182152900001|100032400409|
182152900001|100032400415|
182152900001|100032400417|
182152900001|100032400440|
182152900001|100032400444|
182152900001|100032400447|
182152900001|100032400473|
182152900001|100032400478|
182152900001|100032400489|
182152900001|100032400510|
182152900001|100032400511|
182152900001|100032400516|
182152900001|100032400584|
182152900001|100032400626|
182152900001|100032400669|
182152900001|100032400670|
182152900001|100032400681|
182152900001|100035900030|
182152900001|100036700006|
182152900001|100036700013|
182152900001|100036700015|
182152900001|100038600012|
182152900001|100038600084|
182152900001|100038600086|
182152900001|100038600145|
182152900001|100038600181|
182152900001|100038600207|
182152900001|100041100005|
182152900001|100041100006|
182152900001|100041100022|
182152900001|100041100025|
182152900001|100041100029|
182152900001|100044500141|
182152900001|100045800008|
182152900001|100049200017|
182152900001|100049200021|
182152900001|100049200039|
182152900001|100050400008|
182152900001|100050400013|
182152900001|100053100031|
182152900001|100053400009|
182152900001|100053400014|
182152900001|100053400017|
182152900001|100053400021|
182152900001|100053400039|
182152900001|100054900008|
182152900001|100055100005|
182152900001|100055100013|
182152900001|100056200004|
182152900001|100056200018|
182152900001|100056200044|
182152900001|100056200046|
182152900001|100056200060|
182152900001|100056200083|
182152900001|100056200087|
182152900001|100056200092|
182152900001|100056200109|
182152900001|100056200117|
182152900001|100056200119|
182152900001|100057500122|
182152900001|100057500125|
182152900001|100057600005|
182152900001|100058600014|
182152900001|100058600022|
182152900001|100058600024|
182152900001|100058600025|
182152900001|100058600027|
182152900001|100058600033|
182152900001|100058600040|
182152900001|100058600042|
182152900001|100059300007|
182152900001|100059300011|
182152900001|100059300012|
182152900001|100059300014|
182152900001|100059300015|
182152900001|100059300018|
182152900001|100059300019|
182152900001|100059300023|
182152900001|100059300024|
182152900001|100059300031|
182152900001|100059300032|
182152900001|100059300055|
182152900001|100059300058|
182152900001|100060800038|
182152900001|100060800046|
182152900001|100062500103|
182152900001|100063500005|
182152900001|100063500006|
182152900001|100063500008|
182152900001|100063500009|
182152900001|100063500010|
182152900001|100063500038|
182152900001|100063500039|
182152900001|100063500058|
182152900001|100076700004|
182152900001|100095100004|
182152900001|100106900004|
182152900001|100144300004|
182152900001|100157400004|
182152900001|100166200004|
182152900001|100230400004|
182152900001|100262800004|
182152900001|100265100004|
182152900001|100277300004|
182152900001|100280600004|
182152900001|100283700004|
182152900001|100286300004|
182152900001|100294700004|
182152900001|100314600004|
182152900001|100325900004|
182152900001|100331100004|
182152900001|100337800004|
182152900001|100338400004|
182152900001|100341100004|
182152900001|100355700004|
182152900001|100371500004|
182152900001|100372200004|
182152900001|100376600004|
182152900001|100384200004|
182152900001|100391500004|
182152900001|100395100004|
182152900001|100395400004|
182152900001|100415200004|
182152900001|100422000004|
182152900001|100426600004|
182152900001|100449800004|
182152900001|100462200004|
182152900001|100466500004|
182152900001|100477000004|
182152900001|100485600004|
182152900001|100503700004|
182152900001|100509300004|
182152900001|100510300004|
182152900001|100515100004|
182152900001|100515400004|
182152900001|100526100004|
182152900001|100537100004|
182152900001|100537500004|
182152900001|100537600004|
182152900001|100540400004|
182152900001|100545700004|
182152900001|100550400004|
182152900001|100553400004|
182152900001|100557200004|
182152900001|100559300004|
182152900001|100560800004|
182152900001|100563800004|
182152900001|100563900004|
182152900001|100578000004|
182152900001|100584600004|
182152900001|100590800004|
182152900001|100594300004|
182152900001|100600600004|
182152900001|100606000004|
182152900001|100609100004|
182152900001|100609300004|
182152900001|100612800004|
182152900001|100618100004|
182152900001|100620700004|
182152900001|100627600004|
182152900001|100628400004|
182152900001|100634900004|
182152900001|100660300004|
182152900001|100675500004|
182152900001|100679800004|
182152900001|100699000004|
182152900001|100729000004|
182152900001|100729400004|
182152900001|100732500004|
182152900001|100733600004|
182152900001|100738000004|
182152900001|100745800004|
182152900001|100752800004|
182152900001|100755800004|
182152900001|100787800004|
182152900001|100835500004|
182152900001|100839100004|
182152900001|100839800004|
182152900001|100852100004|
182152900001|100867400004|
182152900001|100892500004|
182152900001|100893200004|
182152900001|100896700004|
182152900001|100899300004|
182152900001|100900000004|
182152900001|100910300004|
182152900001|100922500004|
182152900001|100926100004|
182152900001|100939800004|
182152900001|100944000004|
182152900001|100952000004|
182152900001|100966500004|
182152900001|100978600004|
182152900001|100982500004|
182152900001|100985100004|
182152900001|101021100004|
182152900001|101024000004|
182152900001|101026300004|
182152900001|101026900004|
182152900001|101032200004|
182152900001|101038400004|
182152900001|101039600004|
182152900001|101044000004|
182152900001|101047200004|
182152900001|101049400004|
182152900001|101052500004|
182152900001|101060600004|
182152900001|101066600004|
182152900001|101073800004|
182152900001|101074500004|
182152900001|101078400004|
182152900001|101079200004|
182152900001|101088200004|
182152900001|101099100004|
182152900001|101099300004|
182152900001|101107400004|
182152900001|101117200004|
182152900001|101124500004|
182152900001|101129400004|
182152900001|101131500004|
182152900001|101136700004|
182152900001|101142900004|
182152900001|101148500004|
182152900001|101150800004|
182152900001|101167200004|
182152900001|101187200004|
182152900001|101190800004|
182152900001|101192800004|
182152900001|101203600004|
182152900001|101204300004|
182152900001|101207900004|
182152900001|101219800004|
182152900001|101226300004|
182152900001|101241200004|
182152900001|101243600004|
182152900001|101247500004|
182152900001|101251600004|
182152900001|101252900004|
182152900001|101262400004|
182152900001|101301900004|
182152900001|101318800004|
182152900001|101323100004|
182152900001|101329700004|
182152900001|101352100004|
182152900001|101353600004|
182152900001|101359700004|
182152900001|101408200004|
182152900001|101410900004|
182152900001|101423700004|
182152900001|101434100004|
182152900001|101436700004|
182152900001|101442400004|
182152900001|101447100004|
182152900001|101459500004|
182152900001|101461600004|
182152900001|101473300004|
182152900001|101485500004|
182152900001|101490700004|
182152900001|101495000004|
182152900001|101496800004|
182152900001|101511400004|
182152900001|101523800004|
182152900001|101525600004|
182152900001|101528400004|
182152900001|101536200004|
182152900001|101537700004|
182152900001|101552000004|
182152900001|101556600004|
182152900001|101557300004|
182152900001|101564400004|
182152900001|101565600004|
182152900001|101576000004|
182152900001|101577900004|
182152900001|101589000004|
182152900001|101595400004|
182152900001|101597900004|
182152900001|101608000004|
182152900001|101616600004|
182152900001|101633000004|
182152900001|101633400004|
182152900001|101636200004|
182152900001|101636300004|
182152900001|101639700004|
182152900001|101662400004|
182152900001|101662600004|
182152900001|101663400004|
182152900001|101664200004|
182152900001|101667000004|
182152900001|101678200004|
182152900001|101680800004|
182152900001|101685100004|
182152900001|101687300004|
182152900001|101687800004|
182152900001|101688800004|
182152900001|101690700004|
182152900001|101697100004|
182152900001|101702300004|
182152900001|101716700004|
182152900001|101719700004|
182152900001|101723000004|
182152900001|101736600004|
182152900001|101736900004|
182152900001|101741000004|
182152900001|101741900004|
182152900001|101744700004|
182152900001|101745900004|
182152900001|101752300004|
182152900001|101754600004|
182152900001|101766900004|
182152900001|101788500004|
182152900001|101788800004|
182152900001|101804600004|
182152900001|101812000004|
182152900001|101817900004|
182152900001|101830600004|
182152900001|101841100004|
182152900001|101841600004|
182152900001|101885200004|
182152900001|101932200004|
182152900001|101939300004|
182152900001|101964800004|
182152900001|101976100004|
182152900001|101979100004|
182152900001|101984900004|
182152900001|101989300004|
182152900001|101995400004|
182152900001|102000500004|
182152900001|102027200004|
182152900001|102034500004|
182152900001|102035300004|
182152900001|102048200004|
182152900001|102050500004|
182152900001|102058200004|
182152900001|102063500004|
182152900001|102079500004|
182152900001|102116600004|
182152900001|102118700004|
182152900001|102122600004|
182152900001|102122700004|
182152900001|102123000004|
182152900001|102124800004|
182152900001|102125100004|
182152900001|102130500004|
182152900001|102152100004|
182152900001|102160300004|
182152900001|102160500004|
182152900001|102163100004|
182152900001|102175100004|
182152900001|102177500004|
182152900001|102193400004|
182152900001|102197300004|
182152900001|102198500004|
182152900001|102203700004|
182152900001|102241700004|
182152900001|102243000004|
182152900001|102251400004|
182152900001|102260800004|
182152900001|102281900004|
182152900001|102284200004|
182152900001|102286100004|
182152900001|102286200004|
182152900001|102295200004|
182152900001|102296400004|
182152900001|102308900004|
182152900001|102316000004|
182152900001|102318300004|
182152900001|102323200004|
182152900001|102323800004|
182152900001|102380900004|
182152900001|102388200004|
182152900001|102388300004|
182152900001|102392200004|
182152900001|102398300004|
182152900001|102401400004|
182152900001|102407500004|
182152900001|102410000004|
182152900001|102415700004|
182152900001|102425000004|
182152900001|102437400004|
182152900001|102445800004|
182152900001|102448700004|
182152900001|102463200004|
182152900001|102475200004|
182152900001|102518200004|
182152900001|102540700004|
182152900001|102555600004|
182152900001|102556400004|
182152900001|102562500004|
182152900001|102569000004|
182152900001|102577100004|
182152900001|102600500004|
182152900001|102602800004|
182152900001|102607700004|
182152900001|102619600004|
182152900001|102632600004|
182152900001|102633800004|
182152900001|102636600004|
182152900001|102637100004|
182152900001|102641400004|
182152900001|102657800004|
182152900001|102660500004|
182152900001|102666200004|
182152900001|102711800004|
182152900001|102721700004|
182152900001|102726900004|
182152900001|102753900004|
182152900001|102754800004|
182152900001|102755500004|
182152900001|102760500004|
182152900001|102764300004|
182152900001|102778900004|
182152900001|102787500004|
182152900001|102789600004|
182152900001|102804400004|
182152900001|102815800004|
182152900001|102816500004|
182152900001|102867100004|
182152900001|102870300004|
182152900001|102877200004|
182152900001|102880600004|
182152900001|102884600004|
182152900001|102885700004|
182152900001|102886200004|
182152900001|102890000004|
182152900001|102898500004|
182152900001|102900800004|
182152900001|102913400004|
182152900001|102917700004|
182152900001|102922200004|
182152900001|102931800004|
182152900001|102954800004|
182152900001|102959100004|
182152900001|102965200004|
182152900001|102968000004|
182152900001|102971500004|
182152900001|102972200004|
182152900001|102977900004|
182152900001|102984200004|
182152900001|102989200004|
182152900001|102993300004|
182152900001|102995800004|
182152900001|103001700004|
182152900001|103002100004|
182152900001|103008700004|
182152900001|103011400004|
182152900001|103026400004|
182152900001|103030600004|
182152900001|103034200004|
182152900001|103044900004|
182152900001|103057100004|
182152900001|103058800004|
182152900001|103074100004|
182152900001|103111500004|
182152900001|103117900004|
182152900001|103118400004|
182152900001|103120900004|
182152900001|103123100004|
182152900001|103124900004|
182152900001|103130300004|
182152900001|103154600004|
182152900001|103169200004|
182152900001|103198000004|
182152900001|103226500004|
182152900001|103236000004|
182152900001|103251800004|
182152900001|103269100004|
182152900001|103273700004|
182152900001|103289900004|
182152900001|103302400004|
182152900001|103306400004|
182152900001|103325300004|
182152900001|103325700004|
182152900001|103326000004|
182152900001|103326400004|
182152900001|103332300004|
182152900001|103336600004|
182152900001|103343300004|
182152900001|103347700004|
182152900001|103361900004|
182152900001|103365600004|
182152900001|103375600004|
182152900001|103382100004|
182152900001|103396400004|
182152900001|103398600004|
182152900001|103402000004|
182152900001|103414100004|
182152900001|103422100004|
182152900001|103422500004|
182152900001|103424300004|
182152900001|103432100004|
182152900001|103436100004|
182152900001|103437900004|
182152900001|103441700004|
182152900001|103443000004|
182152900001|103459900004|
182152900001|103466900004|
182152900001|103468400004|
182152900001|103480800004|
182152900001|103487400004|
182152900001|103491800004|
182152900001|103496400004|
182152900001|103497100004|
182152900001|103500400004|
182152900001|103503700004|
182152900001|103505800004|
182152900001|103507300004|
182152900001|103512100004|
182152900001|103512900004|
182152900001|103515800004|
182152900001|103518200004|
182152900001|103534600004|
182152900001|103536500004|
182152900001|103542800004|
182152900001|103546900004|
182152900001|103547100004|
182152900001|103570100004|
182152900001|103574000004|
182152900001|103576700004|
182152900001|103581200004|
182152900001|103589900004|
182152900001|103591100004|
182152900001|103591500004|
182152900001|103592300004|
182152900001|103592400004|
182152900001|103597800004|
182152900001|103599900004|
182152900001|103608000004|
182152900001|103610000004|
182152900001|103615500004|
182152900001|103621500004|
182152900001|103623900004|
182152900001|103634000004|
182152900001|103640800004|
182152900001|103645600004|
182152900001|103684300004|
182152900001|103685200004|
182152900001|103712600004|
182152900001|103752000004|
182152900001|103765500004|
182152900001|103772300004|
182152900001|103774800004|
182152900001|103775500004|
182152900001|103779800004|
182152900001|103787700004|
182152900001|103789100004|
182152900001|103791600004|
182152900001|103796500004|
182152900001|103805900004|
182152900001|103809500004|
182152900001|103818800004|
182152900001|103829100004|
182152900001|103833400004|
182152900001|103881400004|
182152900001|103906200004|
182152900001|103917400004|
182152900001|103919200004|
182152900001|103925800004|
182152900001|103952200004|
182152900001|103954700004|
182152900001|103955200004|
182152900001|103957600004|
182152900001|103978100004|
182152900001|103996600004|
182152900001|104010700004|
182152900001|104026300004|
182152900001|104026400004|
182152900001|104031800004|
182152900001|104033000004|
182152900001|104034900004|
182152900001|104036400004|
182152900001|104040300004|
182152900001|104040500004|
182152900001|104047900004|
182152900001|104050100004|
182152900001|104054300004|
182152900001|104067100004|
182152900001|104077600004|
182152900001|104084300004|
182152900001|104104700004|
182152900001|104110300004|
182152900001|104110700004|
182152900001|104123000004|
182152900001|104129200004|
182152900001|104129400004|
182152900001|104134600004|
182152900001|104134800004|
182152900001|104137000004|
182152900001|104148500004|
182152900001|104157200004|
182152900001|104163900004|
182152900001|104164600004|
182152900001|104173700004|
182152900001|104178800004|
182152900001|104188300004|
182152900001|104190900004|
182152900001|104192300004|
182152900001|104192500004|
182152900001|104197400004|
182152900001|104208400004|
182152900001|104209100004|
182152900001|104232600004|
182152900001|104237000004|
182152900001|104242200004|
182152900001|104272300004|
182152900001|104296000004|
182152900001|104303600004|
182152900001|104308800004|
182152900001|104313800004|
182152900001|104325000004|
182152900001|104332100004|
182152900001|104333400004|
182152900001|104337000004|
182152900001|104349200004|
182152900001|104350500004|
182152900001|104355500004|
182152900001|104366700004|
182152900001|104381900004|
182152900001|104404500004|
182152900001|104411600004|
182152900001|104417200004|
182152900001|104451200004|
182152900001|104452300004|
182152900001|104491500004|
182152900001|104492200004|
182152900001|104493000004|
182152900001|104496300004|
182152900001|104513800004|
182152900001|104520100004|
182152900001|104522900004|
182152900001|104535500004|
182152900001|104568600004|
182152900001|104570100004|
182152900001|104571300004|
182152900001|104572100004|
182152900001|104572400004|
182152900001|104582200004|
182152900001|104586700004|
182152900001|104587200004|
182152900001|104604500004|
182152900001|104627600004|
182152900001|104641500004|
182152900001|104642100004|
182152900001|104643600004|
182152900001|104646600004|
182152900001|104652600004|
182152900001|104657800004|
182152900001|104665200004|
182152900001|104666100004|
182152900001|104667800004|
182152900001|104678200004|
182152900001|104684200004|
182152900001|104685600004|
182152900001|104697200004|
182152900001|104701100004|
182152900001|104708600004|
182152900001|104715200004|
182152900001|104720700004|
182152900001|104722500004|
182152900001|104725900004|
182152900001|104731700004|
182152900001|104744500004|
182152900001|104751300004|
182152900001|104759100004|
182152900001|104766200004|
182152900001|104767900004|
182152900001|104776900004|
182152900001|104782800004|
182152900001|104792500004|
182152900001|104794700004|
182152900001|104801300004|
182152900001|104805600004|
182152900001|104808000004|
182152900001|104809500004|
182152900001|104811600004|
182152900001|104812500004|
182152900001|104813400004|
182152900001|104821400004|
182152900001|104828300004|
182152900001|104832100004|
182152900001|104837700004|
182152900001|104837800004|
182152900001|104838700004|
182152900001|104839600004|
182152900001|104842700004|
182152900001|104844700004|
182152900001|104860100004|
182152900001|104862800004|
182152900001|104867400004|
182152900001|104912400004|
182152900001|104938700004|
182152900001|104975100004|
182152900001|104975200004|
182152900001|104985500004|
182152900001|105001400004|
182152900001|105001700004|
182152900001|105002800004|
182152900001|105048300004|
182152900001|105052300004|
182152900001|105067400004|
182152900001|105069300004|
182152900001|105075800004|
182152900001|105080300004|
182152900001|105092200004|
182152900001|105105100004|
182152900001|105128700004|
182152900001|105136000004|
182152900001|105141400004|
182152900001|105153200004|
182152900001|105160700004|
182152900001|105185300004|
182152900001|105185400004|
182152900001|105223600004|
182152900001|105225000004|
182152900001|105225400004|
182152900001|105232600004|
182152900001|105243300004|
182152900001|105246300004|
182152900001|105250700004|
182152900001|105253000004|
182152900001|105255900004|
182152900001|105259500004|
182152900001|105266500004|
182152900001|105275500004|
182152900001|105282100004|
182152900001|105284300004|
182152900001|105288000004|
182152900001|105288700004|
182152900001|105298400004|
182152900001|105300300004|
182152900001|105300600004|
182152900001|105317900004|
182152900001|105318600004|
182152900001|105319300004|
182152900001|105322900004|
182152900001|105327900004|
182152900001|105341300004|
182152900001|105370900004|
182152900001|105375100004|
182152900001|105383800004|
182152900001|105387700004|
182152900001|105389600004|
182152900001|105393700004|
182152900001|105398500004|
182152900001|105399300004|
182152900001|105409200004|
182152900001|105409700004|
182152900001|105416600004|
182152900001|105429100004|
182152900001|105429800004|
182152900001|105430400004|
182152900001|105432200004|
182152900001|105446100004|
182152900001|105459000004|
182152900001|105507700004|
182152900001|105508600004|
182152900001|105515500004|
182152900001|105515600004|
182152900001|105519100004|
182152900001|105536600004|
182152900001|105541700004|
182152900001|105554700004|
182152900001|105561000004|
182152900001|105569600004|
182152900001|105581300004|
182152900001|105597600004|
182152900001|105602100004|
182152900001|105603100004|
182152900001|105633300004|
182152900001|105659800004|
182152900001|105673900004|
182152900001|105677100004|
182152900001|105677900004|
182152900001|105680000004|
182152900001|105686900004|
182152900001|105701500004|
182152900001|105706500004|
182152900001|105711000004|
182152900001|105712400004|
182152900001|105714200004|
182152900001|105718000004|
182152900001|105723900004|
182152900001|105725600004|
182152900001|105738100004|
182152900001|105740100004|
182152900001|105743200004|
182152900001|105745900004|
182152900001|105750600004|
182152900001|105753000004|
182152900001|105755600004|
182152900001|105761600004|
182152900001|105761700004|
182152900001|105762800004|
182152900001|105789100004|
182152900001|105810100004|
182152900001|105823500004|
182152900001|105829000004|
182152900001|105834200004|
182152900001|105849100004|
182152900001|105855300004|
182152900001|105876300004|
182152900001|105884000004|
182152900001|105891300004|
182152900001|105896500004|
182152900001|105901300004|
182152900001|105903500004|
182152900001|105908000004|
182152900001|105918700004|
182152900001|105928300004|
182152900001|105936400004|
182152900001|105937700004|
182152900001|105938400004|
182152900001|105939800004|
182152900001|105948400004|
182152900001|105954900004|
182152900001|105958500004|
182152900001|105960200004|
182152900001|105963500004|
182152900001|105970400004|
182152900001|105973500004|
182152900001|105993900004|
182152900001|105994300004|
182152900001|106002400004|
182152900001|106005400004|
182152900001|106016000004|
182152900001|106561200004|
182152900001|106631700004|
182152900001|106717700004|
182152900001|106729600004|
182152900001|106733200004|
182152900001|106790600004|
182152900001|106791300004|
182152900001|106868000004|
182152900001|107044100004|
182152900001|107058300004|
182152900001|107109600004|
182152900001|107184500004|
182152900001|107292700004|
182152900001|107315500004|
182152900001|107471300004|
182152900001|107571500004|
182152900001|107578600004|
182152900001|108010100004|
182152900001|108099100004|
182152900001|108234500004|
182152900001|108845700004|
182152900001|108845900004|
182152900001|108950000004|
182152900001|108958700004|
182152900001|109068300004|
182152900001|109131200004|
182152900001|109185700004|
182152900001|109187700004|
182152900001|109250900004|
182152900001|109462400004|
182152900001|109505500004|
182152900001|109528900004|
182152900001|109596100004|
182152900001|109602700004|
182152900001|109610400004|
182152900001|109709300004|
182152900001|109823500004|
182152900001|110185300004|
182152900001|110351100004|
182152900001|110566000004|
182152900001|110628300004|
182152900001|110692000004|
182152900001|110784500004|
182152900001|110899000004|
182152900001|111026100004|
182152900001|111085600004|
182152900001|111432100004|
182152900001|111433700004|
182152900001|111499100004|
182152900001|111581600004|
182152900001|111747700004|
182152900001|111762700004|
182152900001|111787100004|
182152900001|111935100004|
182152900001|112031900004|
182152900001|112063400004|
182152900001|112154500004|
182152900001|112264500004|
182152900001|112315200004|
182152900001|112346000004|
182152900001|112381600004|
182152900001|112401800004|
182152900001|112427900004|
182152900001|112506800004|
182152900001|112661100004|
182152900001|112754700004|
182152900001|113302300004|
182152900001|113581000004|
182152900001|113735100004|
182152900001|113802900004|
182152900001|113865100004|
182152900001|113876900004|
182152900001|114017200004|
182152900001|114070300004|
182152900001|114259900004|
182152900001|114381800004|
182152900001|114478300004|
182152900001|114558100004|
182152900001|114733800004|
182152900001|115287400004|
182152900001|115314900004|
182152900001|115329000004|
182152900001|115379700004|
182152900001|115409000004|
182152900001|115516400004|
182152900001|115572800004|
182152900001|115597000004|
182152900001|115644500004|
182152900001|116057200004|
182152900001|116207400004|
182152900001|116249600004|
182152900001|116395800004|
182152900001|116460000004|
182152900001|116470400004|
182152900001|116545000004|
182152900001|116700900004|
182152900001|116742400004|
182152900001|116807400004|
182152900001|116923200004|
182152900001|117034800004|
182152900001|117038800004|
182152900001|117094600004|
182152900001|117226000004|
182152900001|117267100004|
182152900001|117322600004|
182152900001|117366700004|
182152900001|117410700004|
182152900001|117417900004|
182152900001|117464400004|
182152900001|117858200004|
182152900001|118228500004|
182152900001|118244300004|
182152900001|118357300004|
182152900001|118481600004|
182152900001|118533500004|
182152900001|118568600004|
182152900001|118601900004|
182152900001|118649300004|
182152900001|118722900004|
182152900001|118737700004|
182152900001|118846600004|
182152900001|118858300004|
182152900001|118860800004|
182152900001|118862600004|
182152900001|118957300004|
182152900001|119046800004|
182152900001|119160700004|
182152900001|119167100004|
182152900001|119239800004|
182152900001|119246800004|
182152900001|119252400004|
182152900001|119263800004|
182152900001|119391400004|
182152900001|119609900004|
182152900001|119616700004|
182152900001|119629000004|
182152900001|119814400004|
182152900001|119818700004|
182152900001|119829500004|
182152900001|119837900004|
182152900001|119840000004|
182152900001|119848100004|
182152900001|120043500004|
182152900001|120174200004|
182152900001|120404200004|
182152900001|120405500004|
182152900001|120452700004|
182152900001|120466300004|
182152900001|120481600004|
182152900001|120719600004|
182152900001|121209400004|
182152900001|121225700004|
182152900001|121239100004|
182152900001|121328300004|
182152900001|121423900004|
182152900001|121488400004|
182152900001|121565100004|
182152900001|121571000004|
182152900001|121615300004|
182152900001|121679900004|
182152900001|121891700004|
182152900001|121931700004|
182152900001|121963700004|
182152900001|122087700004|
182152900001|122097900004|
182152900001|122242000004|
182152900001|122517100004|
182152900001|122612300004|
182152900001|122633100004|
182152900001|122651800004|
182152900001|122657200004|
182152900001|122739100004|
182152900001|122789300004|
182152900001|122853500004|
182152900001|122857500004|
182152900001|123120800004|
182152900001|123275100004|
182152900001|123386700004|
182152900001|123584400004|
182152900001|123832300004|
182152900001|123863600004|
182152900001|123883400004|
182152900001|123887500004|
182152900001|124015100004|
182152900001|124210900004|
182152900001|124749400004|
182152900001|124818500004|
182152900001|124845600004|
182152900001|124961700004|
182152900001|125156000004|
182152900001|125364000004|
182152900001|125406800004|
182152900001|125534400004|
182152900001|125716500004|
182152900001|125798600004|
182152900001|125803700004|
182152900001|125834700004|
182152900001|125918400004|
182152900001|125963900004|
182152900001|126117300004|
182152900001|126123400004|
182152900001|126171700004|
182152900001|126446900004|
182152900001|126520400004|
182152900001|126522600004|
182152900001|126536500004|
182152900001|126593500004|
182152900001|126608000004|
182152900001|127014200004|
182152900001|127037500004|
182152900001|127414700004|
182152900001|127471300004|
182152900001|127518200004|
182152900001|127633600004|
182152900001|127806300004|
182152900001|127842900004|
182152900001|127893700004|
182152900001|128192600004|
182152900001|128228600004|
182152900001|128256800004|
182152900001|128347300004|
182152900001|128400500004|
182152900001|128826200004|
182152900001|129008100004|
182152900001|129045800004|
182152900001|129064100004|
182152900001|129339500004|
182152900001|129461900004|
182152900001|129564000004|
182152900001|129594800004|
182152900001|129692900004|
182152900001|129810200004|
182152900001|129871600004|
182152900001|130013400004|
182152900001|130166700004|
182152900001|130173900004|
182152900001|130300500004|
182152900001|130341700004|
182152900001|130492000004|
182152900001|130599800004|
182152900001|130617600004|
182152900001|130761900004|
182152900001|131009700004|
182152900001|131010200004|
182152900001|131019500004|
182152900001|131023300004|
182152900001|131064000004|
182152900001|131079800004|
182152900001|131134500004|
182152900001|131175100004|
182152900001|131249800004|
182152900001|131344100004|
182152900001|131396300004|
182152900001|131426000004|
182152900001|131497500004|
182152900001|131527700004|
182152900001|131543600004|
182152900001|131567000004|
182152900001|132089900004|
182152900001|132146700004|
182152900001|132277600004|
182152900001|132365500004|
182152900001|132377200004|
182152900001|132472100004|
182152900001|132547700004|
182152900001|132584700004|
182152900001|132812400004|
182152900001|132972700004|
182152900001|133204300004|
182152900001|133227300004|
182152900001|133422000004|
182152900001|133423600004|
182152900001|133429500004|
182152900001|133498100004|
182152900001|133562000004|
182152900001|133716500004|
182152900001|134215700004|
182152900001|134305100004|
182152900001|134321000004|
182152900001|134451500004|
182152900001|134508100004|
182152900001|134521000004|
182152900001|134559100004|
182152900001|134640500004|
182152900001|134674700004|
182152900001|134689300004|
182152900001|134782400004|
182152900001|134999300004|
182152900001|135352000004|
182152900001|135405400004|
182152900001|135479700004|
182152900001|135600300004|
182152900001|135750500004|
182152900001|135792900004|
182152900001|135798100004|
182152900001|135811300004|
182152900001|135988800004|
182152900001|136118200004|
182152900001|136160400004|
182152900001|136230500004|
182152900001|136239100004|
182152900001|136264100004|
182152900001|136316900004|
182152900001|136317500004|
182152900001|136392300004|
182152900001|136465200004|
182152900001|136783000004|
182152900001|136885500004|
182152900001|137166900004|
182152900001|137178200004|
182152900001|137254400004|
182152900001|137326400004|
182152900001|137362600004|
182152900001|137436400004|
182152900001|137456500004|
182152900001|137717200004|
182152900001|137754600004|
182152900001|137840200004|
182152900001|138128900004|
182152900001|138441000004|
182152900001|138483700004|
182152900001|138526300004|
182152900001|138603600004|
182152900001|138609600004|
182152900001|139034300004|
182152900001|139115800004|
182152900001|139239000004|
182152900001|139393800004|
182152900001|139469700004|
182152900001|139547600004|
182152900001|139622200004|
182152900001|139656000004|
182152900001|139684100004|
182152900001|139721300004|
182152900001|139728700004|
182152900001|139755500004|
182152900001|139893600004|
182152900001|139897100004|
182152900001|139927300004|
182152900001|139983400004|
182152900001|140021500004|
182152900001|140026200004|
182152900001|140056200004|
182152900001|140060400004|
182152900001|140078100004|
182152900001|140097300004|
182152900001|140097700004|
182152900001|140099600004|
182152900001|140105300004|
182152900001|140186200004|
182152900001|140189300004|
182152900001|140194400004|
182152900001|140195600004|
182152900001|140212900004|
182152900001|140218400004|
182152900001|140230000004|
182152900001|140231000004|
182152900001|140499700004|
182152900001|140535600004|
182152900001|140552800004|
182152900001|140591100004|
182152900001|140605500004|
182152900001|140620900004|
182152900001|140625500004|
182152900001|140642500004|
182152900001|140656700004|
182152900001|140763500004|
182152900001|140782400004|
182152900001|140803800004|
182152900001|140804100004|
182152900001|140818300004|
182152900001|140893500004|
182152900001|140905300004|
182152900001|140940700004|
182152900001|140954100004|
182152900001|140966700004|
182152900001|141022200004|
182152900001|141029300004|
182152900001|141139500004|
182152900001|141153700004|
182152900001|141179600004|
182152900001|141181200004|
182152900001|141327900004|
182152900001|141352400004|
182152900001|141380600004|
182152900001|141418000004|
182152900001|141471900004|
182152900001|141514400004|
182152900001|141570100004|
182152900001|141586000004|
182152900001|141613100004|
182152900001|141646300004|
182152900001|141675700004|
182152900001|141739000004|
182152900001|141748300004|
182152900001|141813500004|
182152900001|141853100004|
182152900001|141901600004|
182152900001|141921700004|
182152900001|142094600004|
182152900001|142121500004|
182152900001|142234100004|
182152900001|142277200004|
182152900001|142559900004|
182152900001|142587300004|
182152900001|142634000004|
182152900001|142640600004|
182152900001|142671200004|
182152900001|142674200004|
182152900001|142682700004|
182152900001|142698900004|
182152900001|142721000004|
182152900001|180004000004|
182152900001|180005400004|
182152900001|180007400004|
182152900001|180007800004|
182152900001|180008600004|
182152900001|180009700004|
182152900001|180011200004|
182152900001|180014700004|
182152900001|180015100004|
182152900001|180015700004|
182152900001|180016200004|
182152900001|180016800004|
182152900001|180017400004|
182152900001|180017900004|
182152900001|180018000004|
182152900001|180018200004|
182152900001|180019700004|
182152900001|180020400004|
182152900001|180021400004|
182152900001|180022600004|
182152900001|180022700004|
182152900001|180023300004|
182152900001|180023800004|
182152900001|180024100004|
182152900001|180025100004|
182152900001|180025400004|
182152900001|180025500004|
182152900001|180025900004|
182152900001|180026700004|
182152900001|180029200004|
182152900001|180029400004|
182152900001|180029500004|
182152900001|180029800004|
182152900001|180032800004|
182152900001|180032900004|
182152900001|180033000004|
182152900001|180033400004|
182152900001|180034900004|
182152900001|180035900004|
182152900001|180037400004|
182152900001|180040900004|
182152900001|180041900004|
182152900001|180042100004|
182152900001|180043400004|
182152900001|180043600004|
182152900001|180043800004|
182152900001|180044100004|
182152900001|180046000004|
182152900001|180046200004|
182152900001|180047500004|
182152900001|180048200004|
182152900001|180048600004|
182152900001|180049000004|
182152900001|180050000004|
182152900001|180054200004|
182152900001|180054900004|
182152900001|180055400004|
182152900001|180056000004|
182152900001|180056700004|
182152900001|180062300004|
182152900001|180066100004|
182152900001|180070500004|
182152900001|180071200004|
182152900001|180071600004|
182152900001|180075700004|
182152900001|180078600004|
182152900001|180079300004|
182152900001|180083100004|
182152900001|180089600004|
182152900001|180092100004|
182152900001|180092400004|
182152900001|180093300004|
182152900001|180094700004|
182152900001|180095100004|
182152900001|180099300004|
182152900001|180100200004|
182152900001|180100700004|
182152900001|180101400004|
182152900001|180103500004|
182152900001|180104300004|
182152900001|180105100004|
182152900001|180108600004|
182152900001|180110400004|
182152900001|180110500004|
182152900001|180113900004|
182152900001|180120400004|
182152900001|180120900004|
182152900001|180121100004|
182152900001|180121200004|
182152900001|180123300004|
182152900001|180129200004|
182152900001|180134700004|
182152900001|180139100004|
182152900001|180141300004|
182152900001|180143700004|
182152900001|180146400004|
182152900001|180149300004|
182152900001|180154300004|
182152900001|180156000004|
182152900001|180158300004|
182152900001|180159300004|
182152900001|180162700004|
182152900001|180167800004|
182152900001|180171100004|
182152900001|180171800004|
182152900001|180172700004|
182152900001|180173500004|
182152900001|180175400004|
182152900001|180176200004|
182152900001|180181000004|
182152900001|180183200004|
182152900001|180199600004|
182152900001|180200400004|
182152900001|180200900004|
182152900001|180203100004|
182152900001|180203500004|
182152900001|180210500004|
182152900001|180212400004|
182152900001|180217500004|
182152900001|180229200004|
182152900001|180239200004|
182152900001|180243100004|
182152900001|180244000004|
182152900001|180246800004|
182152900001|180248500004|
182152900001|180252800004|
182152900001|180255500004|
182152900001|180261400004|
182152900001|180272500004|
182152900001|180280000004|
182152900001|180285100004|
182152900001|180290400004|
182152900001|180296200004|
182152900001|180300700004|
182152900001|180314800004|
182152900001|180314900004|
182152900001|180319500004|
182152900001|180322500004|
182152900001|180323400004|
182152900001|180337700004|
182152900001|180338700004|
182152900001|180338900004|
182152900001|180342400004|
182152900001|180342600010|
182152900001|180348700004|
182152900001|180355600004|
182152900001|180357600004|
182152900001|180363700004|
182152900001|180367000004|
182152900001|180374400004|
182152900001|180378400004|
182152900001|180385600004|
182152900001|180392500004|
182152900001|180405800004|
182152900001|180416300004|
182152900001|180417400004|
182152900001|180422400004|
182152900001|180422700004|
182152900001|180424400004|
182152900001|180435800004|
182152900001|180436300004|
182152900001|180437500004|
182152900001|180442200004|
182152900001|180444800004|
182152900001|180448800004|
182152900001|180450500004|
182152900001|180461300004|
182152900001|180464200007|
182152900001|180464200008|
182152900001|180468900004|
182152900001|180473200004|
182152900001|180485300004|
182152900001|180485700004|
182152900001|180492000004|
182152900001|180498700004|
182152900001|180506700004|
182152900001|180507500004|
182152900001|180516300004|
182152900001|180517400004|
182152900001|180522400004|
182152900001|180523000004|
182152900001|180535800004|
182152900001|180537500004|
182152900001|180538100017|
182152900001|180538100019|
182152900001|180539700004|
182152900001|180540600004|
182152900001|180543400004|
182152900001|180552500004|
182152900001|180552900004|
182152900001|180556900004|
182152900001|180557700004|
182152900001|180561400004|
182152900001|180572700004|
182152900001|180582500004|
182152900001|180582700004|
182152900001|180583200004|
182152900001|180583400005|
182152900001|180583400006|
182152900001|180585400004|
182152900001|180585600004|
182152900001|180588600004|
182152900001|180589500004|
182152900001|180595700004|
182152900001|180598800004|
182152900001|180722700004|
182152900001|180728900004|
182152900001|180729500004|
182152900001|180733900004|
182152900001|180736600004|
182152900001|180736800004|
182152900001|180742000004|
182152900001|180742600004|
182152900001|180742900004|
182152900001|180743300005|
182152900001|180743300007|
182152900001|180743300008|
182152900001|180743300009|
182152900001|180743300010|
182152900001|180743300011|
182152900001|180743700009|
182152900001|180744800004|
182152900001|180745200004|
182152900001|180752600004|
182152900001|180753700004|
182152900001|180757800004|
182152900001|180757900004|
182152900001|180758000004|
182152900001|180758500004|
182152900001|180758900004|
182152900001|180759900004|
182152900001|180760400004|
182152900001|180760800004|
182152900001|180763200004|
182152900001|180765400004|
182152900001|180768900004|
182152900001|180770100004|
182152900001|180771600004|
182152900001|180779200004|
182152900001|180779200008|
182152900001|180779200013|
182152900001|180779200014|
182152900001|180779200017|
182152900001|180779200019|
182152900001|180780800007|
182152900001|180780800010|
182152900001|180781500004|
182152900001|180783000004|
182152900001|180790000004|
182152900001|180792500004|
182152900001|180792600004|
182152900001|180793700004|
182152900001|180796200004|
182152900001|180797700004|
182152900001|180801200004|
182152900001|180801600004|
182152900001|180804700004|
182152900001|180807400004|
182152900001|180810600004|
182152900001|180811400004|
182152900001|180812300004|
182152900001|180812400004|
182152900001|180813800004|
182152900001|180814400004|
182152900001|180820000004|
182152900001|180821600005|
182152900001|180821600006|
182152900001|180821600009|
182152900001|180821600012|
182152900001|180821600014|
182152900001|180821600015|
182152900001|180821600016|
182152900001|180821600017|
182152900001|180821600018|
182152900001|180821600020|
182152900001|180821600024|
182152900001|180821600025|
182152900001|180821600026|
182152900001|180821600027|
182152900001|180821600028|
182152900001|180821600029|
182152900001|180821600034|
182152900001|180821600035|
182152900001|180821600036|
182152900001|180821600037|
182152900001|180821600038|
182152900001|180821600039|
182152900001|180821600040|
182152900001|180821600041|
182152900001|180821600042|
182152900001|180821600043|
182152900001|180821600044|
182152900001|180821600049|
182152900001|180821600054|
182152900001|180821600055|
182152900001|180821600056|
182152900001|180821600058|
182152900001|180821600065|
182152900001|180821600067|
182152900001|180821600069|
182152900001|180821600071|
182152900001|180821600074|
182152900001|180821600078|
182152900001|180821600079|
182152900001|180821600080|
182152900001|180821600081|
182152900001|180821600082|
182152900001|180828400004|
182152900001|180828700004|
182152900001|180830300004|
182152900001|180830900004|
182152900001|180838900011|
182152900001|180838900019|
182152900001|180838900021|
182152900001|180838900022|
182152900001|180838900029|
182152900001|180838900031|
182152900001|180838900033|
182152900001|180838900043|
182152900001|180838900045|
182152900001|180838900056|
182152900001|180839000004|
182152900001|180840900006|
182152900001|180840900008|
182152900001|180841800004|
182152900001|180842000019|
182152900001|180844800004|
182152900001|180845000004|
182152900001|180847200004|
182152900001|180849800004|
182152900001|180850200004|
182152900001|180853400004|
182152900001|180856300004|
182152900001|180858900004|
182152900001|180859800004|
182152900001|180860300004|
182152900001|180861400004|
182152900001|180862600004|
182152900001|180863900004|
182152900001|180865100004|
182152900001|180866000004|
182152900001|180868800004|
182152900001|180874000004|
182152900001|180874600004|
182152900001|180874900004|
182152900001|180877100011|
182152900001|180878200004|
182152900001|180883300004|
182152900001|180884100004|
182152900001|180884500004|
182152900001|180884600004|
182152900001|180884700005|
182152900001|180884700007|
182152900001|180884700008|
182152900001|180884700009|
182152900001|180884700010|
182152900001|180884700011|
182152900001|180884700012|
182152900001|180884700014|
182152900001|180884700016|
182152900001|180884700017|
182152900001|180884700018|
182152900001|180884700019|
182152900001|180884700023|
182152900001|180884700026|
182152900001|180884700027|
182152900001|180884700028|
182152900001|180884700030|
182152900001|180884700033|
182152900001|180884700034|
182152900001|180884700035|
182152900001|180884700036|
182152900001|180884700037|
182152900001|180884700039|
182152900001|180884700040|
182152900001|180884700041|
182152900001|180884700042|
182152900001|180884700044|
182152900001|180884700046|
182152900001|180884700047|
182152900001|180884700050|
182152900001|180884700052|
182152900001|180884700053|
182152900001|180884700055|
182152900001|180884700056|
182152900001|180884700057|
182152900001|180884700058|
182152900001|180884700060|
182152900001|180884700062|
182152900001|180884700064|
182152900001|180884700065|
182152900001|180884700066|
182152900001|180884700067|
182152900001|180884700068|
182152900001|180884700069|
182152900001|180884700071|
182152900001|180884700072|
182152900001|180884700073|
182152900001|180884700074|
182152900001|180884700075|
182152900001|180884700076|
182152900001|180885500004|
182152900001|180886300004|
182152900001|180886400004|
182152900001|180886700004|
182152900001|180897700004|
182152900001|180898100004|
182152900001|180911100004|
182152900001|180913800004|
182152900001|180914800004|
182152900001|180915300004|
182152900001|180916700004|
182152900001|180918000004|
182152900001|180922100004|
182152900001|180923200004|
182152900001|180923400004|
182152900001|180927000004|
182152900001|180939800004|
182152900001|180943500004|
182152900001|180950800004|
182152900001|180955400004|
182152900001|180956900004|
182152900001|180957400005|
182152900001|180957400006|
182152900001|180957400007|
182152900001|180957400009|
182152900001|180957400014|
182152900001|180957400015|
182152900001|180957400020|
182152900001|180957400021|
182152900001|180957400022|
182152900001|180957400023|
182152900001|180957400024|
182152900001|180957400025|
182152900001|180957400026|
182152900001|180957400027|
182152900001|180957400029|
182152900001|180957400030|
182152900001|180957400031|
182152900001|180957400032|
182152900001|180957400042|
182152900001|180957400044|
182152900001|180957400045|
182152900001|180957400050|
182152900001|180966300004|
182152900001|180967400004|
182152900001|180970900004|
182152900001|180975400004|
182152900001|180977200004|
182152900001|180980100004|
182152900001|180982900004|
182152900001|180983100004|
182152900001|181121500004|
182152900001|181126400004|
182152900001|181127500004|
182152900001|181128200004|
182152900001|181129400004|
182152900001|181134500004|
182152900001|181139300004|
182152900001|181143100004|
182152900001|181148000362|
182152900001|181151100073|
182152900001|181152700004|
182152900001|181152900004|
182152900001|181155900004|
182152900001|181156600004|
182152900001|181159500004|
182152900001|181159600004|
182152900001|181160900004|
182152900001|181161400004|
182152900001|181161500004|
182152900001|181162000004|
182152900001|181166400004|
182152900001|181173400004|
182152900001|181179400004|
182152900001|181179600004|
182152900001|181180500004|
182152900001|181182400004|
182152900001|181183600004|
182152900001|181184000004|
182152900001|181187200004|
182152900001|181194500004|
182152900001|181206500004|
182152900001|181227000004|
182152900001|181227600004|
182152900001|181243800004|
182152900001|181247100004|
182152900001|181259200004|
182152900001|181260600004|
182152900001|181262000004|
182152900001|181268500004|
182152900001|181269500004|
182152900001|181274400004|
182152900001|181277400004|
182152900001|181279900004|
182152900001|181280700004|
182152900001|181288300004|
182152900001|181288500004|
182152900001|181289800004|
182152900001|181290500004|
182152900001|181292700004|
182152900001|181297700004|
182152900001|181298600004|
182152900001|181299100004|
182152900001|181300100004|
182152900001|181301800004|
182152900001|181307700004|
182152900001|181312400004|
182152900001|181313500004|
182152900001|181318900004|
182152900001|181322600004|
182152900001|181328900004|
182152900001|181330600004|
182152900001|181332200004|
182152900001|181334300004|
182152900001|181336900004|
182152900001|181338700004|
182152900001|181338800004|
182152900001|181339500004|
182152900001|181340000091|
182152900001|181341700004|
182152900001|181342000004|
182152900001|181343800004|
182152900001|181346100004|
182152900001|181346800004|
182152900001|181352300004|
182152900001|181353100004|
182152900001|181355200004|
182152900001|181355400004|
182152900001|181355500004|
182152900001|181355700004|
182152900001|181356500004|
182152900001|181356700004|
182152900001|181358700004|
182152900001|181359200004|
182152900001|181360700004|
182152900001|181360900004|
182152900001|181362000004|
182152900001|181364000004|
182152900001|181364300004|
182152900001|181364800004|
182152900001|181366400004|
182152900001|181366700004|
182152900001|181368800004|
182152900001|181371600004|
182152900001|181374500004|
182152900001|181376600004|
182152900001|181380900004|
182152900001|181381300004|
182152900001|181382600004|
182152900001|181383200004|
182152900001|181383600014|
182152900001|181383600017|
182152900001|181384900004|
182152900001|181386000004|
182152900001|181389700004|
182152900001|181391400004|
182152900001|181392600004|
182152900001|181393100004|
182152900001|181394200004|
182152900001|181394800004|
182152900001|181395200004|
182152900001|181396400004|
182152900001|181397400004|
182152900001|181397500004|
182152900001|181397600004|
182152900001|181400000004|
182152900001|181400101247|
182152900001|181400101260|
182152900001|181400102222|
182152900001|181400102500|
182152900001|181400102872|
182152900001|181400103480|
182152900001|181400103581|
182152900001|181402300004|
182152900001|181403200004|
182152900001|181403400004|
182152900001|181406500004|
182152900001|181408700004|
182152900001|181409000004|
182152900001|181409300004|
182152900001|181410500004|
182152900001|181410900004|
182152900001|181411900004|
182152900001|181412100004|
182152900001|181412300004|
182152900001|181415300004|
182152900001|181416200004|
182152900001|181420100004|
182152900001|181423900004|
182152900001|181424900004|
182152900001|181425800004|
182152900001|181428700004|
182152900001|181428800004|
182152900001|181432400004|
182152900001|181433600004|
182152900001|181434200004|
182152900001|181434500004|
182152900001|181436000004|
182152900001|181437800004|
182152900001|181444100004|
182152900001|181447600004|
182152900001|181449300004|
182152900001|181449700004|
182152900001|181452200004|
182152900001|181454800004|
182152900001|181461300004|
182152900001|181464300004|
182152900001|181464600004|
182152900001|181473700004|
182152900001|181477700004|
182152900001|181483900004|
182152900001|181486000004|
182152900001|181487300004|
182152900001|181489000004|
182152900001|181492700004|
182152900001|181493000004|
182152900001|181502700004|
182152900001|181503300004|
182152900001|181507500004|
182152900001|181509100004|
182152900001|181519600004|
182152900001|181523100004|
182152900001|181523600004|
182152900001|181525400004|
182152900001|181527600004|
182152900001|181528800004|
182152900001|181529200004|
182152900001|181530000004|
182152900001|181532300004|
182152900001|181535000004|
182152900001|181535400004|
182152900001|181550100004|
182152900001|181550500004|
182152900001|181558400004|
182152900001|181583500004|
182152900001|181585600004|
182152900001|181605200004|
182152900001|181605900004|
182152900001|181607000004|
182152900001|181637900004|
182152900001|181638500004|
182152900001|181644300004|
182152900001|181651900004|
182152900001|181704300004|
182152900001|181714500004|
182152900001|181804500004|
182152900001|181806700004|
182152900001|181825000004|
182152900001|181832600004|
182152900001|181891900004|
182152900001|181893400004|
182152900001|181894600004|
182152900001|181899500004|
182152900001|181901600004|
182152900001|181903300004|
182152900001|181907500004|
182152900001|181909500004|
182152900001|181909700004|
182152900001|181911400004|
182152900001|181911900004|
182152900001|181915100004|
182152900001|181918900005|
182152900001|181928300004|
182152900001|181929600004|
182152900001|181930800004|
182152900001|181934000031|
182152900001|181934300004|
182152900001|181935200004|
182152900001|181938600004|
182152900001|181945600004|
182152900001|181948500004|
182152900001|181950100004|
182152900001|181953100004|
182152900001|181956000004|
182152900001|181958900004|
182152900001|181961100004|
182152900001|181964000004|
182152900001|181965400004|
182152900001|181967000004|
182152900001|181967600004|
182152900001|181977800004|
182152900001|181981900004|
182152900001|181991000004|
182152900001|181999600004|
182152900001|181999700004|
182152900001|181999800004|
182152900001|182000600004|
182152900001|182007000004|
182152900001|182008300004|
182152900001|182026800004|
182152900001|182028900004|
182152900001|182035200004|
182152900001|182037000004|
182152900001|182044600004|
182152900001|182049800004|
182152900001|182050800004|
182152900001|182051800004|
182152900001|182052800004|
182152900001|182053000004|
182152900001|182059000004|
182152900001|182066000004|
182152900001|182071300004|
182152900001|182076500004|
182152900001|182076700004|
182152900001|182077600004|
182152900001|182078700004|
182152900001|182080800004|
182152900001|182082700004|
182152900001|182083300004|
182152900001|182084000004|
182152900001|182087500004|
182152900001|182088000004|
182152900001|182093100004|
182152900001|182098600004|
182152900001|182100100004|
182152900001|182102800004|
182152900001|182105700004|
182152900001|182106100004|
182152900001|182107500004|
182152900001|182107700004|
182152900001|182111400004|
182152900001|182117200004|
182152900001|182119500004|
182152900001|182120700004|
182152900001|182122900004|
182152900001|182125200004|
182152900001|182126600004|
182152900001|182128900004|
182152900001|182136400004|
182152900001|182140800004|
182152900001|182141000004|
182152900001|182143100004|
182152900001|182144800004|
182152900001|182148500004|
182152900001|182148600004|
182152900001|182156400004|
182152900001|182157000004|
182152900001|182163400004|
182152900001|182163500004|
182152900001|182165300004|
182152900001|182166400004|
182152900001|182166500004|
182152900001|182168400004|
182152900001|182170200004|
182152900001|182173000004|
182152900001|182183500004|
182152900001|182185100004|
182152900001|182186200004|
182152900001|182190900004|
182152900001|182192700004|
182152900001|182192800004|
182152900001|182195800004|
182152900001|182196700004|
182152900001|182199900004|
182152900001|182200400004|
182152900001|182201400004|
182152900001|182205500004|
182152900001|182206600004|
182152900001|182207300004|
182152900001|182209100004|
182152900001|182212100004|
182152900001|182213300004|
182152900001|182213600004|
182152900001|182217700004|
182152900001|182218700004|
182152900001|182221600004|
182152900001|182227100004|
182152900001|182229300004|
182152900001|182230200004|
182152900001|182233600004|
182152900001|182236100004|
182152900001|182241900004|
182152900001|182242600004|
182152900001|182243000006|
182152900001|182246200004|
182152900001|182252900004|
182152900001|182258300004|
182152900001|182259200004|
182152900001|182261600004|
182152900001|182266300004|
182152900001|182282900004|
182152900001|182285400004|
182152900001|182285600004|
182152900001|182285900004|
182152900001|182289200004|
182152900001|182289500004|
182152900001|182289500005|
182152900001|182291000004|
182152900001|182292900004|
182152900001|182294400004|
182152900001|182296200004|
182152900001|182299800004|
182152900001|182300300004|
182152900001|182300700004|
182152900001|182301700004|
182152900001|182302900004|
182152900001|182304300004|
182152900001|182308800004|
182152900001|182311100004|
182152900001|182311600004|
182152900001|182317000004|
182152900001|182319300004|
182152900001|182321200004|
182152900001|182326000004|
182152900001|182332000004|
182152900001|182335400004|
182152900001|182336000004|
182152900001|182337600004|
182152900001|182338200004|
182152900001|182339800004|
182152900001|182345800004|
182152900001|182346400004|
182152900001|182347800004|
182152900001|182348800004|
182152900001|182349800004|
182152900001|182352200004|
182152900001|182356600007|
182152900001|182358800004|
182152900001|182359000004|
182152900001|182366200004|
182152900001|182368400018|
182152900001|182376700004|
182152900001|182380300004|
182152900001|182386600004|
182152900001|182390600004|
182152900001|182391300004|
182152900001|182393000004|
182152900001|182394400004|
182152900001|182399400004|
182152900001|182400100004|
182152900001|182400500004|
182152900001|182405200004|
182152900001|182406000004|
182152900001|182407500004|
182152900001|182409800004|
182152900001|182410900004|
182152900001|182415000004|
182152900001|182416800004|
182152900001|182417400004|
182152900001|182424400004|
182152900001|182426300004|
182152900001|182428600004|
182152900001|182433200004|
182152900001|182435600004|
182152900001|182435700004|
182152900001|182436900004|
182152900001|182437700004|
182152900001|182437800004|
182152900001|182439200004|
182152900001|182440500004|
182152900001|182441300004|
182152900001|182446500004|
182152900001|182452000004|
182152900001|182463200004|
182152900001|182464100004|
182152900001|182464800004|
182152900001|182466300004|
182152900001|182470500004|
182152900001|182472100004|
182152900001|182476000004|
182152900001|182483000004|
182152900001|182486000004|
182152900001|182487100004|
182152900001|182489800004|
182152900001|182490100004|
182152900001|182493600004|
182152900001|182494200004|
182152900001|182500600004|
182152900001|182506300004|
182152900001|182507300004|
182152900001|182507700004|
182152900001|182508600004|
182152900001|182510100004|
182152900001|182511300004|
182152900001|182511900004|
182152900001|182512400004|
182152900001|182514500004|
182152900001|182518600004|
182152900001|182521600004|
182152900001|182523500004|
182152900001|182524700004|
182152900001|182530100004|
182152900001|182530200004|
182152900001|182538000004|
182152900001|182539500004|
182152900001|182539700004|
182152900001|182542100004|
182152900001|182544900004|
182152900001|182546400004|
182152900001|182547800004|
182152900001|182549400004|
182152900001|182554100004|
182152900001|182558600004|
182152900001|182559600004|
182152900001|182561700004|
182152900001|182564100004|
182152900001|182571500004|
182152900001|182573100004|
182152900001|182575800004|
182152900001|182576100004|
182152900001|182576600004|
182152900001|182577500004|
182152900001|182578000004|
182152900001|182578700004|
182152900001|182578800004|
182152900001|182581600004|
182152900001|182581800004|
182152900001|182582700004|
182152900001|182583000004|
182152900001|182588100004|
182152900001|182589300004|
182152900001|182593400004|
182152900001|182594200004|
182152900001|182595300004|
182152900001|182596500004|
182152900001|182598300004|
182152900001|182599000004|
182152900001|182599700004|
182152900001|182601100004|
182152900001|182603600004|
182152900001|182605000004|
182152900001|182605900004|
182152900001|182606700004|
182152900001|182606900004|
182152900001|182607900004|
182152900001|182617300004|
182152900001|182618500004|
182152900001|182619100004|
182152900001|182620300004|
182152900001|182622500004|
182152900001|182624800004|
182152900001|182625000004|
182152900001|182628600004|
182152900001|182629500004|
182152900001|182632600004|
182152900001|182634000004|
182152900001|182637400004|
182152900001|182637900004|
182152900001|182638200004|
182152900001|182638800004|
182152900001|182642100004|
182152900001|182643700004|
182152900001|182644000004|
182152900001|182644500004|
182152900001|182644800004|
182152900001|182645100004|
182152900001|182646700004|
182152900001|182647900004|
182152900001|182648700004|
182152900001|182649000004|
182152900001|182650000004|
182152900001|182652800004|
182152900001|182655300004|
182152900001|182663600004|
182152900001|182666000005|
182152900001|182676100004|
182152900001|182679500004|
182152900001|182679900004|
182152900001|182681300004|
182152900001|182683100012|
182152900001|182683100013|
182152900001|182683100014|
182152900001|182683100017|
182152900001|182683100019|
182152900001|182683100025|
182152900001|182683100030|
182152900001|182683100033|
182152900001|182691400004|
182152900001|182693300004|
182152900001|182698100004|
182152900001|182699400004|
182152900001|182701000004|
182152900001|182702500004|
182152900001|182704100004|
182152900001|182706400004|
182152900001|182708900004|
182152900001|182709100004|
182152900001|182709400004|
182152900001|182709500004|
182152900001|182710900004|
182152900001|182712300004|
182152900001|182718500004|
182152900001|182719100004|
182152900001|182720400004|
182152900001|182725300004|
182152900001|182726300004|
182152900001|182727900004|
182152900001|182729300004|
182152900001|182731900004|
182152900001|182732300004|
182152900001|182733000004|
182152900001|182735000004|
182152900001|182736400004|
182152900001|182736900004|
182152900001|182737700004|
182152900001|182739100004|
182152900001|182745100004|
182152900001|182747300004|
182152900001|182748000004|
182152900001|182749200004|
182152900001|182751800004|
182152900001|182754000004|
182152900001|182755000004|
182152900001|182755500004|
182152900001|182756800004|
182152900001|182761200004|
182152900001|182762800004|
182152900001|182763000004|
182152900001|182766200004|
182152900001|182769500004|
182152900001|182771300004|
182152900001|182775400004|
182152900001|182775600004|
182152900001|182776500004|
182152900001|182777100004|
182152900001|182784800004|
182152900001|182785500004|
182152900001|182786600004|
182152900001|182788200004|
182152900001|182794500004|
182152900001|182794600004|
182152900001|182796700004|
182152900001|182797200004|
182152900001|182798100004|
182152900001|182799900004|
182152900001|182800200004|
182152900001|182800500004|
182152900001|182800500007|
182152900001|182800500008|
182152900001|182800500009|
182152900001|182800500011|
182152900001|182800500016|
182152900001|182800500021|
182152900001|182800500024|
182152900001|182800500027|
182152900001|182800500028|
182152900001|182800500029|
182152900001|182800500031|
182152900001|182800500034|
182152900001|182800500045|
182152900001|182800900004|
182152900001|182812600004|
182152900001|182813400004|
182152900001|182816200004|
182152900001|182817800004|
182152900001|182819200004|
182152900001|182826500004|
182152900001|182827900004|
182152900001|182829200004|
182152900001|182829400004|
182152900001|182830400004|
182152900001|182832000004|
182152900001|182834100004|
182152900001|182835100004|
182152900001|182835200004|
182152900001|182838100004|
182152900001|182843600004|
182152900001|182844200004|
182152900001|182847200004|
182152900001|182855900004|
182152900001|182858900004|
182152900001|182860100004|
182152900001|182865800004|
182152900001|182867300004|
182152900001|182867700004|
182152900001|182869500004|
182152900001|182870700004|
182152900001|182879600004|
182152900001|182880300004|
182152900001|182887300004|
182152900001|182887700004|
182152900001|182889500004|
182152900001|182891200004|
182152900001|182892300004|
182152900001|182893900004|
182152900001|182898200004|
182152900001|182899600004|
182152900001|182902800004|
182152900001|182906200004|
182152900001|182909300004|
182152900001|182911000004|
182152900001|182914200004|
182152900001|182915200004|
182152900001|182916400004|
182152900001|182916800004|
182152900001|182916900004|
182152900001|182917000004|
182152900001|182917300004|
182152900001|182918000004|
182152900001|182918100004|
182152900001|182919700004|
182152900001|182921200004|
182152900001|182922700004|
182152900001|182927400004|
182152900001|182928700004|
182152900001|182934600004|
182152900001|182935100004|
182152900001|182943400004|
182152900001|182944800004|
182152900001|182949200004|
182152900001|182955800004|
182152900001|182957000004|
182152900001|182957100004|
182152900001|182957400004|
182152900001|182958200004|
182152900001|182960200004|
182152900001|182960500004|
182152900001|182964000004|
182152900001|182964100004|
182152900001|182964300004|
182152900001|182964400004|
182152900001|182965000004|
182152900001|182965400004|
182152900001|182968500004|
182152900001|182968700010|
182152900001|182968700021|
182152900001|182968700022|
182152900001|182968700023|
182152900001|182968700025|
182152900001|182968700031|
182152900001|182968700034|
182152900001|182968700036|
182152900001|182972900004|
182152900001|182975100004|
182152900001|182975500004|
182152900001|182983100004|
182152900001|182984500004|
182152900001|182984600004|
182152900001|182985700004|
182152900001|182986300004|
182152900001|182986700004|
182152900001|182989500004|
182152900001|182990100004|
182152900001|182990200004|
182152900001|182990900004|
182152900001|182991400004|
182152900001|182993000004|
182152900001|182994800004|
182152900001|182995500004|
182152900001|182995600004|
182152900001|182996200004|
182152900001|182997000004|
182152900001|182997500004|
182152900001|182999900004|
182152900001|183000800004|
182152900001|183002900004|
182152900001|183003900004|
182152900001|183004100004|
182152900001|183004200004|
182152900001|183004900004|
182152900001|183010500004|
182152900001|183017200004|
182152900001|183017300004|
182152900001|183017400004|
182152900001|183023900004|
182152900001|183025200004|
182152900001|183027700004|
182152900001|183030500004|
182152900001|183032400004|
182152900001|183033000004|
182152900001|183038300004|
182152900001|183044600004|
182152900001|183044900004|
182152900001|183049200004|
182152900001|183051300004|
182152900001|183054600004|
182152900001|183055000004|
182152900001|183055400004|
182152900001|183056900004|
182152900001|183063900004|
182152900001|183065700004|
182152900001|183074000004|
182152900001|183075600004|
182152900001|183076300004|
182152900001|183078500004|
182152900001|183078700004|
182152900001|183079000004|
182152900001|183085200004|
182152900001|183085400004|
182152900001|183086500004|
182152900001|183091100004|
182152900001|183092000004|
182152900001|183092700004|
182152900001|183100800004|
182152900001|183101400004|
182152900001|183102300004|
182152900001|183104800004|
182152900001|183105000004|
182152900001|183105300004|
182152900001|183106600004|
182152900001|183107400004|
182152900001|183108100004|
182152900001|183111700004|
182152900001|183114400004|
182152900001|183115300004|
182152900001|183118300004|
182152900001|183119600004|
182152900001|183119700004|
182152900001|183121700004|
182152900001|183132600004|
182152900001|183140800004|
182152900001|183142300004|
182152900001|183143300004|
182152900001|183143900004|
182152900001|183144100004|
182152900001|183147400004|
182152900001|183148400004|
182152900001|183149500004|
182152900001|183150600004|
182152900001|183153000004|
182152900001|183154900004|
182152900001|183158200004|
182152900001|183160800004|
182152900001|183161800004|
182152900001|183161900004|
182152900001|183166500004|
182152900001|183173700004|
182152900001|183176400004|
182152900001|183178300004|
182152900001|183178400004|
182152900001|183181400004|
182152900001|183188200004|
182152900001|183188600004|
182152900001|183191100004|
182152900001|183191600004|
182152900001|183192200004|
182152900001|183196800004|
182152900001|183197500004|
182152900001|183202000004|
182152900001|183203200004|
182152900001|183207100004|
182152900001|183210000004|
182152900001|183211400004|
182152900001|183211800004|
182152900001|183212000004|
182152900001|183214300004|
182152900001|183215500004|
182152900001|183216400004|
182152900001|183220200004|
182152900001|183221300004|
182152900001|183238500004|
182152900001|183257300004|
182152900001|183293000004|
182152900001|183302200004|
182152900001|183304300004|
182152900001|183373400004|
182152900001|183383300004|
182152900001|183385100004|
182152900001|183386500004|
182152900001|183389700004|
182152900001|183403500004|
182152900001|183416700004|
182152900001|183436200004|
182152900001|183453300004|
182152900001|183470500004|
182152900001|183471700004|
182152900001|183473100004|
182152900001|183481100004|
182152900001|183484300004|
182152900001|183484500004|
182152900001|183489800004|
182152900001|183490500004|
182152900001|183492100004|
182152900001|183493900004|
182152900001|183497600004|
182152900001|183504600004|
182152900001|183505900004|
182152900001|183510500004|
182152900001|183510900004|
182152900001|183511300004|
182152900001|183513000004|
182152900001|183513100004|
182152900001|183514300004|
182152900001|183517900004|
182152900001|183521100004|
182152900001|183524100004|
182152900001|183528100004|
182152900001|183530500004|
182152900001|183533200004|
182152900001|183534300004|
182152900001|183540200004|
182152900001|183541700004|
182152900001|183543500004|
182152900001|183544800004|
182152900001|183545500004|
182152900001|183549900004|
182152900001|183550300004|
182152900001|183551500004|
182152900001|183555100004|
182152900001|183555200004|
182152900001|183555300004|
182152900001|183558800004|
182152900001|183559500005|
182152900001|183559500007|
182152900001|183559500008|
182152900001|183559500009|
182152900001|183559500010|
182152900001|183559500011|
182152900001|183559500012|
182152900001|183559500014|
182152900001|183559500015|
182152900001|183559500016|
182152900001|183559500017|
182152900001|183559500018|
182152900001|183559500019|
182152900001|183559500021|
182152900001|183559500022|
182152900001|183559500023|
182152900001|183562600004|
182152900001|183563300004|
182152900001|183609300004|
182152900001|183614800004|
182152900001|183615200004|
182152900001|183627900004|
182152900001|183631900004|
182152900001|183632600004|
182152900001|183634800004|
182152900001|183635600004|
182152900001|183637200004|
182152900001|183639200004|
182152900001|183641600004|
182152900001|183641800004|
182152900001|183641900004|
182152900001|183646300004|
182152900001|183647400004|
182152900001|183649100004|
182152900001|183651800004|
182152900001|183655600004|
182152900001|183657300004|
182152900001|183660100004|
182152900001|183664600004|
182152900001|183668800004|
182152900001|183669300004|
182152900001|183671500004|
182152900001|183671800004|
182152900001|183677400004|
182152900001|183677500004|
182152900001|183678100004|
182152900001|183678400004|
182152900001|183679800004|
182152900001|183680700004|
182152900001|183682200004|
182152900001|183686200004|
182152900001|183687100004|
182152900001|183687700004|
182152900001|183688300004|
182152900001|183690300004|
182152900001|183693600004|
182152900001|183694100004|
182152900001|183694700004|
182152900001|183697100004|
182152900001|183702800004|
182152900001|183703600004|
182152900001|183703800004|
182152900001|183708000004|
182152900001|183708900004|
182152900001|183710600004|
182152900001|183712200004|
182152900001|183714800004|
182152900001|183715300004|
182152900001|183716300004|
182152900001|183720400004|
182152900001|183721800004|
182152900001|183723600004|
182152900001|183723800004|
182152900001|183724100004|
182152900001|183726100004|
182152900001|183726900004|
182152900001|183730300004|
182152900001|183731800004|
182152900001|183732200004|
182152900001|183732700004|
182152900001|183733000004|
182152900001|183733500004|
182152900001|183734400004|
182152900001|183737900004|
182152900001|183739400004|
182152900001|183741400004|
182152900001|183744100004|
182152900001|183744500004|
182152900001|183747300004|
182152900001|183748600004|
182152900001|183749300004|
182152900001|183750100004|
182152900001|183751500004|
182152900001|183754300004|
182152900001|183755200004|
182152900001|183755500004|
182152900001|183758500004|
182152900001|183759500004|
182152900001|183764900004|
182152900001|183774600004|
182152900001|183775800004|
182152900001|183777200004|
182152900001|183778300004|
182152900001|183779800004|
182152900001|183779900004|
182152900001|183782000004|
182152900001|183783000004|
182152900001|183786600004|
182152900001|183787100004|
182152900001|183789200004|
182152900001|183789500004|
182152900001|183789700004|
182152900001|183789800004|
182152900001|183791300004|
182152900001|183795200004|
182152900001|183802000004|
182152900001|183805400004|
182152900001|183806100004|
182152900001|183807400004|
182152900001|183807600004|
182152900001|183808000004|
182152900001|183808200004|
182152900001|183809000004|
182152900001|183809400004|
182152900001|183810800004|
182152900001|183811900004|
182152900001|183812500004|
182152900001|183813300004|
182152900001|183817000004|
182152900001|183818000004|
182152900001|183820800004|
182152900001|183823200004|
182152900001|183824500004|
182152900001|183824600004|
182152900001|183825600004|
182152900001|183827500004|
182152900001|183830500004|
182152900001|183832200004|
182152900001|183832400004|
182152900001|183834100004|
182152900001|183837200004|
182152900001|183837300004|
182152900001|183839300004|
182152900001|183839400004|
182152900001|183841200004|
182152900001|183842600004|
182152900001|183843000004|
182152900001|183843100004|
182152900001|183844600004|
182152900001|183852400004|
182152900001|183853200004|
182152900001|183853700004|
182152900001|183858700004|
182152900001|183858900004|
182152900001|183859800004|
182152900001|183860200004|
182152900001|183860500004|
182152900001|183860600004|
182152900001|183860800004|
182152900001|183861400004|
182152900001|183865800007|
182152900001|183866100004|
182152900001|183867600004|
182152900001|183871800004|
182152900001|183873200004|
182152900001|183873600004|
182152900001|183878100004|
182152900001|183880000004|
182152900001|183880900004|
182152900001|183881500004|
182152900001|183882600004|
182152900001|183882900004|
182152900001|183887500004|
182152900001|183889100004|
182152900001|183892800004|
182152900001|183893300004|
182152900001|183895100004|
182152900001|183897900004|
182152900001|183901400004|
182152900001|183904600004|
182152900001|183905100004|
182152900001|183920400004|
182152900001|183921200004|
182152900001|183923400004|
182152900001|183925300004|
182152900001|183925500004|
182152900001|183928100004|
182152900001|183929100004|
182152900001|183933500004|
182152900001|183934500004|
182152900001|183934800004|
182152900001|183935100004|
182152900001|183935200004|
182152900001|183935800004|
182152900001|183939700004|
182152900001|183940200004|
182152900001|183942800004|
182152900001|183948700004|
182152900001|183949000004|
182152900001|183949400004|
182152900001|183950000004|
182152900001|183953400004|
182152900001|183954100004|
182152900001|183957000004|
182152900001|183958700004|
182152900001|183960000004|
182152900001|183960300004|
182152900001|183961700004|
182152900001|183961800004|
182152900001|183962400004|
182152900001|183969000004|
182152900001|183969500004|
182152900001|183971100004|
182152900001|183971200004|
182152900001|183972000004|
182152900001|183972400004|
182152900001|183972700004|
182152900001|183973400004|
182152900001|183973600004|
182152900001|183975900004|
182152900001|183976400004|
182152900001|183979400004|
182152900001|183979700004|
182152900001|183980800004|
182152900001|183982300004|
182152900001|183983400004|
182152900001|183984100004|
182152900001|183984700004|
182152900001|183985000004|
182152900001|183985400004|
182152900001|183988800004|
182152900001|183991200004|
182152900001|183999200004|
182152900001|184000900004|
182152900001|184004000004|
182152900001|184010100004|
182152900001|184010500004|
182152900001|184013000004|
182152900001|184013900004|
182152900001|184014300004|
182152900001|184015100004|
182152900001|184016200004|
182152900001|184019700004|
182152900001|184021900004|
182152900001|184022100004|
182152900001|184024500004|
182152900001|184025800004|
182152900001|184029800004|
182152900001|184030100004|
182152900001|184030200004|
182152900001|184030300004|
182152900001|184036200004|
182152900001|184038700004|
182152900001|184038900004|
182152900001|184039300004|
182152900001|184043600004|
182152900001|184043800004|
182152900001|184049100004|
182152900001|184050800004|
182152900001|184051600004|
182152900001|184053500004|
182152900001|184053900004|
182152900001|184054300004|
182152900001|184054700004|
182152900001|184054900004|
182152900001|184055300004|
182152900001|184055400004|
182152900001|184055900004|
182152900001|184056000004|
182152900001|184058100004|
182152900001|184058700004|
182152900001|184060100004|
182152900001|184061500004|
182152900001|184062100004|
182152900001|184065200004|
182152900001|184065800004|
182152900001|184065900004|
182152900001|184067600006|
182152900001|184067900004|
182152900001|184068700004|
182152900001|184070700004|
182152900001|184071400004|
182152900001|184073400004|
182152900001|184073900004|
182152900001|184075400005|
182152900001|184075400006|
182152900001|184075400007|
182152900001|184075400012|
182152900001|184075400014|
182152900001|184075400020|
182152900001|184076300004|
182152900001|184077600004|
182152900001|184078300004|
182152900001|184079000004|
182152900001|184079300004|
182152900001|184079500004|
182152900001|184080400004|
182152900001|184080700004|
182152900001|184083000004|
182152900001|184083300004|
182152900001|184084100004|
182152900001|184087400004|
182152900001|184088100004|
182152900001|184090000004|
182152900001|184093900004|
182152900001|184096100004|
182152900001|184097200004|
182152900001|184098200004|
182152900001|184099700004|
182152900001|184099800004|
182152900001|184102500004|
182152900001|184103100004|
182152900001|184103800004|
182152900001|184103900004|
182152900001|184104400004|
182152900001|184104900004|
182152900001|184105100004|
182152900001|184106800004|
182152900001|184107700004|
182152900001|184113200004|
182152900001|184114700004|
182152900001|184116600004|
182152900001|184133400004|
182152900001|184156000004|
182152900001|184156300004|
182152900001|184156500004|
182152900001|184161400004|
182152900001|184162300004|
182152900001|184165400004|
182152900001|184165500004|
182152900001|184166000004|
182152900001|184167600004|
182152900001|184167800004|
182152900001|184168100004|
182152900001|184169200004|
182152900001|184169500004|
182152900001|184169900004|
182152900001|184171900004|
182152900001|184172600004|
182152900001|184172700004|
182152900001|184173500004|
182152900001|184174600004|
182152900001|184174700004|
182152900001|184176100004|
182152900001|184176700004|
182152900001|184177000004|
182152900001|184178600004|
182152900001|184179000004|
182152900001|184180900004|
182152900001|184181100004|
182152900001|184181600004|
182152900001|184182100004|
182152900001|184182200004|
182152900001|184182600004|
182152900001|184184500004|
182152900001|184184800004|
182152900001|184185200004|
182152900001|184185600004|
182152900001|184191600004|
182152900001|184191700004|
182152900001|184192000004|
182152900001|184194500004|
182152900001|184196300004|
182152900001|184196400004|
182152900001|184197400004|
182152900001|184198400004|
182152900001|184198900004|
182152900001|184202100004|
182152900001|184203100004|
182152900001|184205600004|
182152900001|184206200004|
182152900001|184206700004|
182152900001|184208800004|
182152900001|184210600004|
182152900001|184211100004|
182152900001|184212200004|
182152900001|184214100004|
182152900001|184215700004|
182152900001|184217900004|
182152900001|184218100004|
182152900001|184219200004|
182152900001|184219800004|
182152900001|184221600004|
182152900001|184221700004|
182152900001|184222200004|
182152900001|184224100004|
182152900001|184226100004|
182152900001|184226400004|
182152900001|184226500004|
182152900001|184228900004|
182152900001|184229400004|
182152900001|184230100004|
182152900001|184234500004|
182152900001|184234700004|
182152900001|184235500004|
182152900001|184236300004|
182152900001|184237200004|
182152900001|184237700004|
182152900001|184237800004|
182152900001|184238900004|
182152900001|184239100004|
182152900001|184240700004|
182152900001|184243600004|
182152900001|184244900004|
182152900001|184245600004|
182152900001|184246700004|
182152900001|184247400004|
182152900001|184251000004|
182152900001|184253100004|
182152900001|184254400004|
182152900001|184255100004|
182152900001|184256600004|
182152900001|184258200004|
182152900001|184258300004|
182152900001|184258800004|
182152900001|184262600004|
182152900001|184262800004|
182152900001|184264500004|
182152900001|184266000004|
182152900001|184271900004|
182152900001|184274800004|
182152900001|184275800004|
182152900001|184277300004|
182152900001|184277700004|
182152900001|184279100004|
182152900001|184280300004|
182152900001|184281200004|
182152900001|184281900004|
182152900001|184282300004|
182152900001|184284200004|
182152900001|184285100004|
182152900001|184285800004|
182152900001|184287400004|
182152900001|184288200004|
182152900001|184288700004|
182152900001|184289800004|
182152900001|184292200004|
182152900001|184292300004|
182152900001|184292800004|
182152900001|184293100004|
182152900001|184293400004|
182152900001|184295700004|
182152900001|184298000004|
182152900001|184299600004|
182152900001|184300200004|
182152900001|184301100004|
182152900001|184301800004|
182152900001|184303200004|
182152900001|184304100004|
182152900001|184305900004|
182152900001|184310200004|
182152900001|184310800004|
182152900001|184311200004|
182152900001|184311700004|
182152900001|184313600004|
182152900001|184314400004|
182152900001|184315900004|
182152900001|184316700004|
182152900001|184317400004|
182152900001|184317500004|
182152900001|184317900004|
182152900001|184319000004|
182152900001|184321300004|
182152900001|184329700004|
182152900001|184331600004|
182152900001|184333100004|
182152900001|184333200004|
182152900001|184334300004|
182152900001|184334400004|
182152900001|184335100004|
182152900001|184335400004|
182152900001|184337600004|
182152900001|184337700004|
182152900001|184338900004|
182152900001|184339900004|
182152900001|184341200004|
182152900001|184341300004|
182152900001|184341400004|
182152900001|184341800004|
182152900001|184341900004|
182152900001|184342500004|
182152900001|184343000004|
182152900001|184343100004|
182152900001|184344400005|
182152900001|184347700004|
182152900001|184348500004|
182152900001|184349300004|
182152900001|184350000004|
182152900001|184350100004|
182152900001|184350500004|
182152900001|184351600004|
182152900001|184352200004|
182152900001|184352400004|
182152900001|184352900004|
182152900001|184356700004|
182152900001|184356900004|
182152900001|184357200004|
182152900001|184357600004|
182152900001|184360600004|
182152900001|184362200004|
182152900001|184362700004|
182152900001|184363500004|
182152900001|184363900004|
182152900001|184364500004|
182152900001|184368600004|
182152900001|184369000004|
182152900001|184371900004|
182152900001|184375800004|
182152900001|184378700004|
182152900001|184381000004|
182152900001|184381700004|
182152900001|184382100004|
182152900001|184382700004|
182152900001|184383000004|
182152900001|184383200004|
182152900001|184383300004|
182152900001|184384400004|
182152900001|184386800004|
182152900001|184387100004|
182152900001|184387300004|
182152900001|184388700004|
182152900001|184392900004|
182152900001|184394500004|
182152900001|184397300004|
182152900001|184397600004|
182152900001|184398700004|
182152900001|184399800004|
182152900001|184400500004|
182152900001|184400700004|
182152900001|184401000004|
182152900001|184402400004|
182152900001|184403700004|
182152900001|184404700004|
182152900001|184405400004|
182152900001|184415100004|
182152900001|184415300004|
182152900001|184417500004|
182152900001|184417700004|
182152900001|184417900004|
182152900001|184422600004|
182152900001|184422900004|
182152900001|184425600004|
182152900001|184430400004|
182152900001|184431200004|
182152900001|184432100004|
182152900001|184432600004|
182152900001|184433200004|
182152900001|184435500004|
182152900001|184436000004|
182152900001|184437000004|
182152900001|184438600004|
182152900001|184439300004|
182152900001|184439500004|
182152900001|184440500004|
182152900001|184441700004|
182152900001|184444300004|
182152900001|184446000004|
182152900001|184447000004|
182152900001|184447800004|
182152900001|184451100004|
182152900001|184451700004|
182152900001|184452600004|
182152900001|184452700004|
182152900001|184454500004|
182152900001|184455800004|
182152900001|184459100004|
182152900001|184462400004|
182152900001|184464300004|
182152900001|184465800004|
182152900001|184465900004|
182152900001|184472200004|
182152900001|184473100004|
182152900001|184475500004|
182152900001|184477400004|
182152900001|184477900004|
182152900001|184483200004|
182152900001|184490100004|
182152900001|184490300004|
182152900001|184493300004|
182152900001|184494200004|
182152900001|184497700004|
182152900001|184499000004|
182152900001|184501200004|
182152900001|184501300004|
182152900001|184501700004|
182152900001|184505700004|
182152900001|184506100004|
182152900001|184509200004|
182152900001|184512700004|
182152900001|184516600004|
182152900001|184517700004|
182152900001|184519200004|
182152900001|184519600004|
182152900001|184519900004|
182152900001|184524400004|
182152900001|184524700004|
182152900001|184525600004|
182152900001|184529700004|
182152900001|184531800004|
182152900001|184531900004|
182152900001|184534400004|
182152900001|184534500004|
182152900001|184535000004|
182152900001|184535300004|
182152900001|184535400004|
182152900001|184535500004|
182152900001|184537200004|
182152900001|184538300004|
182152900001|184541700004|
182152900001|184542700004|
182152900001|184545500004|
182152900001|184549800004|
182152900001|184550000004|
182152900001|184551400004|
182152900001|184554200004|
182152900001|184554500004|
182152900001|184556500004|
182152900001|184557100004|
182152900001|184557700004|
182152900001|184560000004|
182152900001|184563900004|
182152900001|184565800004|
182152900001|184566800004|
182152900001|184568600004|
182152900001|184569800004|
182152900001|184570000004|
182152900001|184570500004|
182152900001|184573700004|
182152900001|184576600004|
182152900001|184578100004|
182152900001|184578500004|
182152900001|184579600004|
182152900001|184579900004|
182152900001|184580800004|
182152900001|184582300004|
182152900001|184584900004|
182152900001|184585500004|
182152900001|184586000004|
182152900001|184589100004|
182152900001|184592300004|
182152900001|184594000004|
182152900001|184595200004|
182152900001|184595300004|
182152900001|184595800004|
182152900001|184596000004|
182152900001|184597100004|
182152900001|184597800004|
182152900001|184597900004|
182152900001|184598200004|
182152900001|184598500004|
182152900001|184600000004|
182152900001|184600700004|
182152900001|184604600004|
182152900001|184605600004|
182152900001|184610100004|
182152900001|184612800004|
182152900001|184612900004|
182152900001|184613300004|
182152900001|184613800004|
182152900001|184614100004|
182152900001|184614200004|
182152900001|184614400004|
182152900001|184614600004|
182152900001|184621500004|
182152900001|184622400004|
182152900001|184623600004|
182152900001|184625400004|
182152900001|184625500004|
182152900001|184625900004|
182152900001|184626200004|
182152900001|184628200004|
182152900001|184629300004|
182152900001|184630300004|
182152900001|184630400004|
182152900001|184631100004|
182152900001|184631200004|
182152900001|184632000004|
182152900001|184632100004|
182152900001|184633500004|
182152900001|184633600004|
182152900001|184634200004|
182152900001|184634600004|
182152900001|184635200004|
182152900001|184638000004|
182152900001|184639500004|
182152900001|184642700004|
182152900001|184646000004|
182152900001|184646700004|
182152900001|184647100004|
182152900001|184647400004|
182152900001|184647800004|
182152900001|184650800004|
182152900001|184654800004|
182152900001|184655500004|
182152900001|184655800004|
182152900001|184659000004|
182152900001|184659700004|
182152900001|184660400004|
182152900001|184660600004|
182152900001|184660700004|
182152900001|184662500004|
182152900001|184662600004|
182152900001|184663600004|
182152900001|184664800004|
182152900001|184664900004|
182152900001|184665000004|
182152900001|184667300004|
182152900001|184668700004|
182152900001|184670300004|
182152900001|184671300004|
182152900001|184676300004|
182152900001|184678000004|
182152900001|184680500004|
182152900001|184684700004|
182152900001|184686500004|
182152900001|184690400004|
182152900001|184690700004|
182152900001|184691500004|
182152900001|184692000004|
182152900001|184692900004|
182152900001|184693400004|
182152900001|184696300004|
182152900001|184698600004|
182152900001|184698700004|
182152900001|184700400004|
182152900001|184702200004|
182152900001|184702500004|
182152900001|184705900004|
182152900001|184706500004|
182152900001|184710400004|
182152900001|184710500004|
182152900001|184712600004|
182152900001|184718200004|
182152900001|184722200004|
182152900001|184722600004|
182152900001|184723000004|
182152900001|184723300004|
182152900001|184724300004|
182152900001|184726000004|
182152900001|184730200004|
182152900001|184730300004|
182152900001|184734300004|
182152900001|184737700004|
182152900001|184738200004|
182152900001|184745400004|
182152900001|184745800004|
182152900001|184747200004|
182152900001|184747800004|
182152900001|184748200004|
182152900001|184748800004|
182152900001|184754100004|
182152900001|184758100004|
182152900001|184762500004|
182152900001|184769800004|
182152900001|184775900004|
182152900001|184776400004|
182152900001|184778500004|
182152900001|184779600004|
182152900001|184779700004|
182152900001|184781600004|
182152900001|184781800004|
182152900001|184783100004|
182152900001|184783400004|
182152900001|184784000004|
182152900001|184785500004|
182152900001|184785600004|
182152900001|184785700004|
182152900001|184801100004|
182152900001|184804900004|
182152900001|184806000004|
182152900001|184806200004|
182152900001|184806600004|
182152900001|184813300004|
182152900001|184814300004|
182152900001|184815800004|
182152900001|184819100004|
182152900001|184819500004|
182152900001|184819600004|
182152900001|184822700004|
182152900001|184824800004|
182152900001|184824900004|
182152900001|184826500004|
182152900001|184826900004|
182152900001|184828100004|
182152900001|184828200004|
182152900001|184829600004|
182152900001|184836700004|
182152900001|184839800004|
182152900001|184842800004|
182152900001|184842900004|
182152900001|184844700004|
182152900001|184847300004|
182152900001|184849900004|
182152900001|184850600004|
182152900001|184852100004|
182152900001|184852200004|
182152900001|184854600004|
182152900001|184856700004|
182152900001|184857000004|
182152900001|184858000004|
182152900001|184860300004|
182152900001|184860400004|
182152900001|184862000004|
182152900001|184862500004|
182152900001|184863000004|
182152900001|184863900004|
182152900001|184864100004|
182152900001|184866500004|
182152900001|184867900004|
182152900001|184868400004|
182152900001|184869200004|
182152900001|184871100004|
182152900001|184872800004|
182152900001|184873500004|
182152900001|184875000004|
182152900001|184880200004|
182152900001|184884200004|
182152900001|184884400004|
182152900001|184888900004|
182152900001|184890500004|
182152900001|184892300004|
182152900001|184892800004|
182152900001|184895300004|
182152900001|184899400004|
182152900001|184900100004|
182152900001|184903200004|
182152900001|184903300004|
182152900001|184903600004|
182152900001|184904400004|
182152900001|184905500004|
182152900001|184905900004|
182152900001|184907600004|
182152900001|184908200004|
182152900001|184909200004|
182152900001|184910900004|
182152900001|184915100004|
182152900001|184915500004|
182152900001|184916500004|
182152900001|184917000004|
182152900001|184922100004|
182152900001|184923500004|
182152900001|184927500004|
182152900001|184935000004|
182152900001|184938500004|
182152900001|184939500004|
182152900001|184940400004|
182152900001|184940600004|
182152900001|184941400004|
182152900001|184941500004|
182152900001|184941700004|
182152900001|184941900004|
182152900001|184942100004|
182152900001|184942400004|
182152900001|184943700004|
182152900001|184947000004|
182152900001|184951400004|
182152900001|184951800004|
182152900001|184952600004|
182152900001|184954000004|
182152900001|184960100004|
182152900001|184960900004|
182152900001|184961300004|
182152900001|184961800004|
182152900001|184962200004|
182152900001|184962300004|
182152900001|184962600004|
182152900001|184964000004|
182152900001|184966200004|
182152900001|184967200004|
182152900001|184968900004|
182152900001|184970200004|
182152900001|184972500004|
182152900001|184973400004|
182152900001|184974600004|
182152900001|184979600004|
182152900001|184979800004|
182152900001|184980300004|
182152900001|184980700004|
182152900001|184984100004|
182152900001|184985000004|
182152900001|184987900004|
182152900001|184992800004|
182152900001|184996200004|
182152900001|184997300004|
182152900001|184999600004|
182152900001|185000700004|
182152900001|185002300004|
182152900001|185004700004|
182152900001|185007300004|
182152900001|185008100004|
182152900001|185008700004|
182152900001|185009100004|
182152900001|185009300004|
182152900001|185010700004|
182152900001|185013700004|
182152900001|185017300004|
182152900001|185021200004|
182152900001|185021700004|
182152900001|185022900004|
182152900001|185024700004|
182152900001|185026100004|
182152900001|185031700004|
182152900001|185036900004|
182152900001|185038800004|
182152900001|185040300004|
182152900001|185042100004|
182152900001|185042200004|
182152900001|185045200004|
182152900001|185047400004|
182152900001|185048700004|
182152900001|185049900004|
182152900001|185050500004|
182152900001|185054000004|
182152900001|185054700004|
182152900001|185055700004|
182152900001|185056600004|
182152900001|185059000004|
182152900001|185060100004|
182152900001|185060500004|
182152900001|185065300004|
182152900001|185065800004|
182152900001|185069800004|
182152900001|185071000004|
182152900001|185073900004|
182152900001|185077200004|
182152900001|185079700004|
182152900001|185082000004|
182152900001|185082100004|
182152900001|185083200004|
182152900001|185083800004|
182152900001|185090900004|
182152900001|185092500004|
182152900001|185092700004|
182152900001|185093300004|
182152900001|185094200004|
182152900001|185094700004|
182152900001|185097300004|
182152900001|185098300004|
182152900001|185099900004|
182152900001|185100700004|
182152900001|185101300004|
182152900001|185101700004|
182152900001|185102000004|
182152900001|185103700004|
182152900001|185104300004|
182152900001|185104400004|
182152900001|185105300004|
182152900001|185105900004|
182152900001|185106200004|
182152900001|185110800004|
182152900001|185111800004|
182152900001|185115900004|
182152900001|185119600004|
182152900001|185121300004|
182152900001|185123400004|
182152900001|185123900004|
182152900001|185124100004|
182152900001|185128800004|
182152900001|185130200004|
182152900001|185136000004|
182152900001|185138900004|
182152900001|185139300004|
182152900001|185141100004|
182152900001|185142000004|
182152900001|185143600004|
182152900001|185144000004|
182152900001|185144900004|
182152900001|185145400004|
182152900001|185146600004|
182152900001|185147100004|
182152900001|185147900004|
182152900001|185148900004|
182152900001|185151700004|
182152900001|185155200004|
182152900001|185156000004|
182152900001|185156500004|
182152900001|185162000004|
182152900001|185165400004|
182152900001|185170700004|
182152900001|185174400004|
182152900001|185178300004|
182152900001|185178500004|
182152900001|185184200004|
182152900001|185186700004|
182152900001|185188400004|
182152900001|185190000004|
182152900001|185190200004|
182152900001|185192400004|
182152900001|185192500004|
182152900001|185192600004|
182152900001|185193000004|
182152900001|185194900004|
182152900001|185195600004|
182152900001|185197500004|
182152900001|185198700004|
182152900001|185201600004|
182152900001|185204300004|
182152900001|185205300004|
182152900001|185207400004|
182152900001|185210200004|
182152900001|185212800004|
182152900001|185214000004|
182152900001|185217200004|
182152900001|185219100004|
182152900001|185220700004|
182152900001|185221100004|
182152900001|185228000004|
182152900001|185228100004|
182152900001|185228700004|
182152900001|185231500004|
182152900001|185231900004|
182152900001|185232000004|
182152900001|185233200004|
182152900001|185235600004|
182152900001|185236200004|
182152900001|185241100004|
182152900001|185244200004|
182152900001|185245600004|
182152900001|185247000004|
182152900001|185248100004|
182152900001|185252200004|
182152900001|185256000004|
182152900001|185256500004|
182152900001|185256700004|
182152900001|185257300004|
182152900001|185259700004|
182152900001|185259900004|
182152900001|185262100004|
182152900001|185262300004|
182152900001|185263700004|
182152900001|185264100004|
182152900001|185264500004|
182152900001|185265500004|
182152900001|185265700004|
182152900001|185266100004|
182152900001|185267700004|
182152900001|185269500004|
182152900001|185271600004|
182152900001|185272900004|
182152900001|185273300004|
182152900001|185273900004|
182152900001|185275700004|
182152900001|185281900004|
182152900001|185282600004|
182152900001|185284100004|
182152900001|185284900004|
182152900001|185285900004|
182152900001|185287200004|
182152900001|185287300004|
182152900001|185287900004|
182152900001|185290500004|
182152900001|185292100004|
182152900001|185292300004|
182152900001|185293300004|
182152900001|185294100004|
182152900001|185295300004|
182152900001|185299400004|
182152900001|185300500004|
182152900001|185300700004|
182152900001|185304500004|
182152900001|185306900004|
182152900001|185308900004|
182152900001|185310400004|
182152900001|185310800004|
182152900001|185313300004|
182152900001|185313400004|
182152900001|185313500004|
182152900001|185315200004|
182152900001|185316700004|
182152900001|185316900004|
182152900001|185317200004|
182152900001|185319000004|
182152900001|185323500004|
182152900001|185326400004|
182152900001|185327000004|
182152900001|185328400004|
182152900001|185329300004|
182152900001|185329500004|
182152900001|185333500004|
182152900001|185333700004|
182152900001|185336200004|
182152900001|185336300004|
182152900001|185336500004|
182152900001|185337300004|
182152900001|185337500004|
182152900001|185341200004|
182152900001|185341800004|
182152900001|185342100004|
182152900001|185345000004|
182152900001|185347600004|
182152900001|185349200004|
182152900001|185350000004|
182152900001|185351000004|
182152900001|185352600004|
182152900001|185352800004|
182152900001|185354300004|
182152900001|185356400004|
182152900001|185360100004|
182152900001|185362300004|
182152900001|185366200004|
182152900001|185367400004|
182152900001|185368100004|
182152900001|185370700004|
182152900001|185370900004|
182152900001|185371300004|
182152900001|185372200004|
182152900001|185372500004|
182152900001|185373500004|
182152900001|185373700004|
182152900001|185374800004|
182152900001|185381600004|
182152900001|185381700004|
182152900001|185382500004|
182152900001|185385000004|
182152900001|185389100004|
182152900001|185393000004|
182152900001|185393100004|
182152900001|185396400004|
182152900001|185396500004|
182152900001|185398000004|
182152900001|185398100004|
182152900001|185405200004|
182152900001|185406500004|
182152900001|185406800004|
182152900001|185408200004|
182152900001|185409000004|
182152900001|185417900004|
182152900001|185418800004|
182152900001|185420300004|
182152900001|185420600004|
182152900001|185421800004|
182152900001|185422300004|
182152900001|185423400004|
182152900001|185423500004|
182152900001|185426700004|
182152900001|185427200004|
182152900001|185428700004|
182152900001|185434700004|
182152900001|185449300004|
182152900001|185449700004|
182152900001|185452100004|
182152900001|185452800004|
182152900001|185458100004|
182152900001|185458900004|
182152900001|185460000004|
182152900001|185460200004|
182152900001|185463000004|
182152900001|185466500004|
182152900001|185467200004|
182152900001|185467900004|
182152900001|185468400004|
182152900001|185472500004|
182152900001|185474900004|
182152900001|185476300004|
182152900001|185476400004|
